wt,wtpos,mut,hgvs_pro_uniprot,uni_idx,mut_idx,urn_code,score,at_score,at_score_wt1,norm_at_score,score_posnorm,at_score_posnorm,at_score_wt1_posnorm,norm_at_score_posnorm,hgvs_pro_pdb
I,I27,W,p.Ile27Trp,27,1,urn:mavedb:00000001-b-2,1.1321413736166,1.1321413736166,1.1321413736166,0.06576728499156836,1.3809360293318302,1.3809360293318302,1.3809360293318302,0.06576728499156836,I27
L,L62,S,p.Leu62Ser,62,3,urn:mavedb:00000001-b-2,-0.152154033303104,-0.152154033303104,-0.152154033303104,-0.5733558178752107,0.19181792738902495,0.19181792738902495,0.19181792738902495,-0.6464305789769533,L62
E,E79,S,p.Glu79Ser,79,4,urn:mavedb:00000001-b-2,0.20702569237754,0.20702569237754,0.20702569237754,-0.4586846543001686,0.36299013970115507,0.36299013970115507,0.36299013970115507,-0.5188308038223721,E79
L,L65,M,p.Leu65Met,65,5,urn:mavedb:00000001-b-2,1.02107427691041,1.02107427691041,1.02107427691041,0.01517706576728506,1.725576725002366,1.725576725002366,1.725576725002366,0.0994940978077572,L65
G,G96,R,p.Gly96Arg,96,7,urn:mavedb:00000001-b-2,-0.375217797455377,-0.375217797455377,-0.375217797455377,-0.6812816188870152,0.390012438497067,0.390012438497067,0.390012438497067,-0.4828555368184373,G96
E,E20,G,p.Glu20Gly,20,8,urn:mavedb:00000001-b-2,0.9228468570419888,0.9228468570419888,0.9228468570419888,-0.051152332771219784,0.5126087225298678,0.5126087225298678,0.5126087225298678,-0.2906127037661608,E20
S,S61,L,p.Ser61Leu,61,9,urn:mavedb:00000001-b-2,0.593268009296959,0.593268009296959,0.593268009296959,-0.2939853850477796,0.6863950300700701,0.6863950300700701,0.6863950300700701,-0.13490725126475545,S61
Q,Q92,N,p.Gln92Asn,92,10,urn:mavedb:00000001-b-2,0.215347067175529,0.215347067175529,0.215347067175529,-0.4564362001124227,-0.08367973593392805,-0.08367973593392805,-0.08367973593392805,-0.7616638560989321,Q92
E,E79,L,p.Glu79Leu,79,11,urn:mavedb:00000001-b-2,0.787002749460336,0.787002749460336,0.787002749460336,-0.16132658797077004,0.9429671967839509,0.9429671967839509,0.9429671967839509,-0.017425519955030833,E79
M,M59,L,p.Met59Leu,59,12,urn:mavedb:00000001-b-2,0.418844035914638,0.418844035914638,0.418844035914638,-0.3794266441821248,0.09794205265788797,0.09794205265788797,0.09794205265788797,-0.6970207982012366,M59
K,K37,L,p.Lys37Leu,37,13,urn:mavedb:00000001-b-2,0.398121321046752,0.398121321046752,0.398121321046752,-0.3839235525576166,1.083957887448201,1.083957887448201,1.083957887448201,0.016863406408094472,K37
N,N74,V,p.Asn74Val,74,15,urn:mavedb:00000001-b-2,0.827819557030983,0.827819557030983,0.827819557030983,-0.12535132096683532,0.45164706623909207,0.45164706623909207,0.45164706623909207,-0.3889825744800449,N74
L,L44,P,p.Leu44Pro,44,16,urn:mavedb:00000001-b-2,-0.270326656156369,-0.270326656156369,-0.270326656156369,-0.6273187183811129,0.5105355123690271,0.5105355123690271,0.5105355123690271,-0.2922990444069702,L44
K,K48,M,p.Lys48Met,48,17,urn:mavedb:00000001-b-2,0.281026802156595,0.281026802156595,0.281026802156595,-0.4317032040472175,1.2610375295385439,1.2610375295385439,1.2610375295385439,0.051152332771219784,K48
G,G81,A,p.Gly81Ala,81,18,urn:mavedb:00000001-b-2,0.991328471840266,0.991328471840266,0.991328471840266,-0.005059021922428353,1.0819256443449592,1.0819256443449592,1.0819256443449592,0.01573917931422153,G81
V,V87,W,p.Val87Trp,87,19,urn:mavedb:00000001-b-2,0.203605440572998,0.203605440572998,0.203605440572998,-0.4609331084879145,-0.2143836143998734,-0.2143836143998734,-0.2143836143998734,-0.7970770095559303,V87
E,E85,P,p.Glu85Pro,85,20,urn:mavedb:00000001-b-2,-0.96964628609735,-0.96964628609735,-0.96964628609735,-0.8499156829679595,-1.5611168635193984,-1.5611168635193984,-1.5611168635193984,-0.8864530635188308,E85
G,G19,V,p.Gly19Val,19,24,urn:mavedb:00000001-b-2,0.917477956052248,0.917477956052248,0.917477956052248,-0.05396290050590213,0.5479369353170659,0.5479369353170659,0.5479369353170659,-0.25857223159078124,G19
F,F66,W,p.Phe66Trp,66,25,urn:mavedb:00000001-b-2,0.748568538593082,0.748568538593082,0.748568538593082,-0.18774592467678464,1.4653750093425069,1.4653750093425069,1.4653750093425069,0.07700955593029801,F66
R,R54,L,p.Arg54Leu,54,26,urn:mavedb:00000001-b-2,0.6098293431442801,0.6098293431442801,0.6098293431442801,-0.2833052276559865,0.9466819258541791,0.9466819258541791,0.9466819258541791,-0.01573917931422142,R54
V,V38,G,p.Val38Gly,38,28,urn:mavedb:00000001-b-2,-0.543781477265827,-0.543781477265827,-0.543781477265827,-0.7627880831928049,0.26239063504101545,0.26239063504101545,0.26239063504101545,-0.6020236087689712,V38
N,N74,F,p.Asn74Phe,74,29,urn:mavedb:00000001-b-2,0.98923535373821,0.98923535373821,0.98923535373821,-0.006745362563237768,0.613062862946319,0.613062862946319,0.613062862946319,-0.1888701517706576,N74
V,V26,P,p.Val26Pro,26,30,urn:mavedb:00000001-b-2,1.7006986694983,1.7006986694983,1.7006986694983,0.1290050590219225,2.2223868133629847,2.2223868133629847,2.2223868133629847,0.11129848229342333,V26
P,P77,A,p.Pro77Ala,77,31,urn:mavedb:00000001-b-2,0.36860684966299,0.36860684966299,0.36860684966299,-0.39741427768409215,1.1797234641912608,1.1797234641912608,1.1797234641912608,0.037099494097807766,P77
L,L47,W,p.Leu47Trp,47,32,urn:mavedb:00000001-b-2,-0.466938524545701,-0.466938524545701,-0.466938524545701,-0.7256885890949971,0.26819830486464696,0.26819830486464696,0.26819830486464696,-0.5964024732996065,L47
L,L65,A,p.Leu65Ala,65,33,urn:mavedb:00000001-b-2,-0.3602197381627221,-0.3602197381627221,-0.3602197381627221,-0.6728499156829679,0.3442827099292338,0.3442827099292338,0.3442827099292338,-0.536256323777403,L65
T,T41,L,p.Thr41Leu,41,34,urn:mavedb:00000001-b-2,0.0521367338988921,0.0521367338988921,0.0521367338988921,-0.5064643057897695,0.5655057884050959,0.5655057884050959,0.5655057884050959,-0.2417088251826869,T41
I,I71,L,p.Ile71Leu,71,35,urn:mavedb:00000001-b-2,-0.399184738390641,-0.399184738390641,-0.399184738390641,-0.6936481169196178,0.457430590324396,0.457430590324396,0.457430590324396,-0.35975267003934785,I71
R,R54,K,p.Arg54Lys,54,36,urn:mavedb:00000001-b-2,0.253702683957422,0.253702683957422,0.253702683957422,-0.4423833614390105,0.590555266667321,0.590555266667321,0.590555266667321,-0.21191680719505332,R54
E,E93,M,p.Glu93Met,93,38,urn:mavedb:00000001-b-2,0.6820569112409879,0.6820569112409879,0.6820569112409879,-0.2388982574480045,0.4720053086036179,0.4720053086036179,0.4720053086036179,-0.3417650365373805,E93
E,E84,S,p.Glu84Ser,84,41,urn:mavedb:00000001-b-2,0.940578727209028,0.940578727209028,0.940578727209028,-0.04103428892636307,0.5876021376416891,0.5876021376416891,0.5876021376416891,-0.2147273749297358,E84
I,I27,S,p.Ile27Ser,27,42,urn:mavedb:00000001-b-2,-0.178417283910115,-0.178417283910115,-0.178417283910115,-0.5834738617200674,0.07037737180511502,0.07037737180511502,0.07037737180511502,-0.7082630691399663,I27
K,K25,R,p.Lys25Arg,25,43,urn:mavedb:00000001-b-2,0.9264716580426328,0.9264716580426328,0.9264716580426328,-0.04834176503653731,1.5369083568505264,1.5369083568505264,1.5369083568505264,0.08206857785272625,K25
K,K25,T,p.Lys25Thr,25,44,urn:mavedb:00000001-b-2,0.6341706546193929,0.6341706546193929,0.6341706546193929,-0.267566048341765,1.2446073534272863,1.2446073534272863,1.2446073534272863,0.048903878583473885,K25
S,S32,F,p.Ser32Phe,32,45,urn:mavedb:00000001-b-2,0.19447295271391105,0.19447295271391105,0.19447295271391105,-0.4654300168634064,0.14170586103931013,0.14170586103931013,0.14170586103931013,-0.6784710511523327,S32
Y,Y51,R,p.Tyr51Arg,51,46,urn:mavedb:00000001-b-2,-0.0983960061862247,-0.0983960061862247,-0.0983960061862247,-0.5480607082630691,0.6120881527541574,0.6120881527541574,0.6120881527541574,-0.18999437886453066,Y51
E,E18,R,p.Glu18Arg,18,47,urn:mavedb:00000001-b-2,0.78059613775386,0.78059613775386,0.78059613775386,-0.1663856098931984,0.4379262784215441,0.4379262784215441,0.4379262784215441,-0.4328274311410905,E18
D,D15,P,p.Asp15Pro,15,49,urn:mavedb:00000001-b-2,0.8194000594386329,0.8194000594386329,0.8194000594386329,-0.13322091062394606,0.5293100337164619,0.5293100337164619,0.5293100337164619,-0.27487352445193924,D15
C,C52,R,p.Cys52Arg,52,50,urn:mavedb:00000001-b-2,0.035736358520375995,0.035736358520375995,0.035736358520375995,-0.5115233277121978,0.8636241600433155,0.8636241600433155,0.8636241600433155,-0.04777965148960084,C52
R,R54,T,p.Arg54Thr,54,51,urn:mavedb:00000001-b-2,-0.105303680862412,-0.105303680862412,-0.105303680862412,-0.551433389544688,0.23154890184748703,0.23154890184748703,0.23154890184748703,-0.6194491287240023,R54
V,V90,R,p.Val90Arg,90,53,urn:mavedb:00000001-b-2,-0.5304050296796861,-0.5304050296796861,-0.5304050296796861,-0.7571669477234401,0.06225048170211701,0.06225048170211701,0.06225048170211701,-0.7105115233277122,V90
F,F36,S,p.Phe36Ser,36,54,urn:mavedb:00000001-b-2,-0.29533781540735604,-0.29533781540735604,-0.29533781540735604,-0.6419336706014614,0.45164706623909207,0.45164706623909207,0.45164706623909207,-0.3889825744800449,F36
Q,Q69,D,p.Gln69Asp,69,55,urn:mavedb:00000001-b-2,0.8382644477000931,0.8382644477000931,0.8382644477000931,-0.11523327712197863,0.7453757243721271,0.7453757243721271,0.7453757243721271,-0.09612141652613826,Q69
I,I88,T,p.Ile88Thr,88,56,urn:mavedb:00000001-b-2,-0.344273126194861,-0.344273126194861,-0.344273126194861,-0.6661045531197302,0.3899251848857721,0.3899251848857721,0.3899251848857721,-0.4834176503653738,I88
G,G14,K,p.Gly14Lys,14,57,urn:mavedb:00000001-b-2,1.00398803996032,1.00398803996032,1.00398803996032,0.003372681281618939,0.6061058668398811,0.6061058668398811,0.6061058668398811,-0.19505340078695887,G14
E,E84,P,p.Glu84Pro,84,58,urn:mavedb:00000001-b-2,1.04123620793349,1.04123620793349,1.04123620793349,0.028105677346824117,0.6882596183661511,0.6882596183661511,0.6882596183661511,-0.1337830241708825,E84
E,E84,L,p.Glu84Leu,84,60,urn:mavedb:00000001-b-2,0.066099840345737,0.066099840345737,0.066099840345737,-0.5025295109612141,-0.2868767492216019,-0.2868767492216019,-0.2868767492216019,-0.8100056211354694,E84
Q,Q55,G,p.Gln55Gly,55,61,urn:mavedb:00000001-b-2,0.0396614943170032,0.0396614943170032,0.0396614943170032,-0.5087127599775154,-0.2894969857120438,-0.2894969857120438,-0.2894969857120438,-0.8116919617762788,Q55
G,G68,R,p.Gly68Arg,68,63,urn:mavedb:00000001-b-2,-0.195676655631545,-0.195676655631545,-0.195676655631545,-0.5885328836424958,0.6002523136576929,0.6002523136576929,0.6002523136576929,-0.20348510399100614,G68
K,K78,T,p.Lys78Thr,78,64,urn:mavedb:00000001-b-2,0.0525384314150868,0.0525384314150868,0.0525384314150868,-0.5059021922428331,-0.449930643243094,-0.449930643243094,-0.449930643243094,-0.8403597526700393,K78
Q,Q53,F,p.Gln53Phe,53,65,urn:mavedb:00000001-b-2,1.1627838251363998,1.1627838251363998,1.1627838251363998,0.07813378302417097,0.7139041704025717,0.7139041704025717,0.7139041704025717,-0.11691961776278804,Q53
S,S32,N,p.Ser32Asn,32,66,urn:mavedb:00000001-b-2,0.870353823882577,0.870353823882577,0.870353823882577,-0.08993816750983696,0.8175867322079761,0.8175867322079761,0.8175867322079761,-0.06351883080382237,S32
Y,Y91,L,p.Tyr91Leu,91,67,urn:mavedb:00000001-b-2,0.47997659637114,0.47997659637114,0.47997659637114,-0.3530073074761102,0.6452411337388966,0.6452411337388966,0.6452411337388966,-0.16750983698707134,Y91
G,G97,E,p.Gly97Glu,97,68,urn:mavedb:00000001-b-2,-0.606056620091735,-0.606056620091735,-0.606056620091735,-0.7841483979763912,0.13966707073583184,0.13966707073583184,0.13966707073583184,-0.6795952782462057,G97
E,E85,V,p.Glu85Val,85,69,urn:mavedb:00000001-b-2,0.597746531103141,0.597746531103141,0.597746531103141,-0.2906127037661608,0.006275953681093015,0.006275953681093015,0.006275953681093015,-0.730185497470489,E85
L,L24,G,p.Leu24Gly,24,70,urn:mavedb:00000001-b-2,-0.34148790199128004,-0.34148790199128004,-0.34148790199128004,-0.6644182124789207,0.4119010317319859,0.4119010317319859,0.4119010317319859,-0.4603709949409781,L24
Y,Y51,P,p.Tyr51Pro,51,71,urn:mavedb:00000001-b-2,-0.32343009727546995,-0.32343009727546995,-0.32343009727546995,-0.6543001686340639,0.3870540616649121,0.3870540616649121,0.3870540616649121,-0.490725126475548,Y51
D,D73,S,p.Asp73Ser,73,72,urn:mavedb:00000001-b-2,-0.698382059028554,-0.698382059028554,-0.698382059028554,-0.80831928049466,0.15072143662412607,0.15072143662412607,0.15072143662412607,-0.6728499156829679,D73
M,M40,R,p.Met40Arg,40,73,urn:mavedb:00000001-b-2,0.672994850816011,0.672994850816011,0.672994850816011,-0.2439572793704328,0.27838469221407297,0.27838469221407297,0.27838469221407297,-0.5874086565486227,M40
S,S61,C,p.Ser61Cys,61,74,urn:mavedb:00000001-b-2,0.5446965313072479,0.5446965313072479,0.5446965313072479,-0.3198426082068577,0.637823552080359,0.637823552080359,0.637823552080359,-0.17088251826869028,S61
V,V87,G,p.Val87Gly,87,75,urn:mavedb:00000001-b-2,0.3423338783469811,0.3423338783469811,0.3423338783469811,-0.4097807757166948,-0.07565517662589033,-0.07565517662589033,-0.07565517662589033,-0.7594154019111861,V87
F,F36,Q,p.Phe36Gln,36,76,urn:mavedb:00000001-b-2,-0.17660209006424396,-0.17660209006424396,-0.17660209006424396,-0.5812254075323215,0.5703827915822041,0.5703827915822041,0.5703827915822041,-0.2366498032602585,F36
V,V26,H,p.Val26His,26,77,urn:mavedb:00000001-b-2,-0.7225922405841209,-0.7225922405841209,-0.7225922405841209,-0.8139404159640247,-0.2009040967194362,-0.2009040967194362,-0.2009040967194362,-0.789769533445756,V26
H,H43,Q,p.His43Gln,43,78,urn:mavedb:00000001-b-2,0.80874931273919,0.80874931273919,0.80874931273919,-0.14109050028105674,0.44341901415668505,0.44341901415668505,0.44341901415668505,-0.4266441821247892,H43
D,D86,E,p.Asp86Glu,86,79,urn:mavedb:00000001-b-2,0.7240396987870799,0.7240396987870799,0.7240396987870799,-0.20629567172568847,1.3320619893202754,1.3320619893202754,1.3320619893202754,0.059584035975267076,D86
Q,Q53,V,p.Gln53Val,53,80,urn:mavedb:00000001-b-2,0.611225397699627,0.611225397699627,0.611225397699627,-0.28274311410904995,0.16234574296579896,0.16234574296579896,0.16234574296579896,-0.6677908937605396,Q53
I,I27,F,p.Ile27Phe,27,81,urn:mavedb:00000001-b-2,0.6774314629173841,0.6774314629173841,0.6774314629173841,-0.2417088251826869,0.9262261186326142,0.9262261186326142,0.9262261186326142,-0.024732996065205067,I27
V,V57,L,p.Val57Leu,57,82,urn:mavedb:00000001-b-2,0.792830638089895,0.792830638089895,0.792830638089895,-0.1579539066891512,1.085702857312322,1.085702857312322,1.085702857312322,0.017425519955030944,V57
S,S61,G,p.Ser61Gly,61,83,urn:mavedb:00000001-b-2,0.249664705339994,0.249664705339994,0.249664705339994,-0.4446318156267566,0.34279172611310504,0.34279172611310504,0.34279172611310504,-0.5379426644182124,S61
L,L44,I,p.Leu44Ile,44,84,urn:mavedb:00000001-b-2,-0.210163045106662,-0.210163045106662,-0.210163045106662,-0.5935919055649241,0.5706991234187341,0.5706991234187341,0.5706991234187341,-0.2360876897133221,L44
N,N60,R,p.Asn60Arg,60,85,urn:mavedb:00000001-b-2,0.4065429595140421,0.4065429595140421,0.4065429595140421,-0.3811129848229342,0.5941011847265032,0.5941011847265032,0.5941011847265032,-0.20798201236649794,N60
L,L47,F,p.Leu47Phe,47,86,urn:mavedb:00000001-b-2,-0.302293970171353,-0.302293970171353,-0.302293970171353,-0.6441821247892074,0.43284285923899496,0.43284285923899496,0.43284285923899496,-0.4384485666104553,L47
D,D15,N,p.Asp15Asn,15,87,urn:mavedb:00000001-b-2,0.945000699603598,0.945000699603598,0.945000699603598,-0.03991006183249013,0.654910673881427,0.654910673881427,0.654910673881427,-0.1618887015177065,D15
E,E84,K,p.Glu84Lys,84,88,urn:mavedb:00000001-b-2,0.902594085457754,0.902594085457754,0.902594085457754,-0.06351883080382237,0.5496174958904151,0.5496174958904151,0.5496174958904151,-0.25688589094997183,E84
N,N74,M,p.Asn74Met,74,89,urn:mavedb:00000001-b-2,0.454101121948354,0.454101121948354,0.454101121948354,-0.3670601461495222,0.07792863115646304,0.07792863115646304,0.07792863115646304,-0.7060146149522203,N74
K,K23,H,p.Lys23His,23,90,urn:mavedb:00000001-b-2,0.681327487687708,0.681327487687708,0.681327487687708,-0.2400224845418775,0.45164706623909207,0.45164706623909207,0.45164706623909207,-0.3889825744800449,K23
M,M59,W,p.Met59Trp,59,91,urn:mavedb:00000001-b-2,0.0603457851864742,0.0603457851864742,0.0603457851864742,-0.5053400786958966,-0.2605561980702758,-0.2605561980702758,-0.2605561980702758,-0.8055087127599775,M59
K,K45,L,p.Lys45Leu,45,92,urn:mavedb:00000001-b-2,0.74700288788049,0.74700288788049,0.74700288788049,-0.1905564924114671,0.5131273968169641,0.5131273968169641,0.5131273968169641,-0.2894884766722877,K45
E,E33,R,p.Glu33Arg,33,93,urn:mavedb:00000001-b-2,0.151461158236324,0.151461158236324,0.151461158236324,-0.4794828555368184,0.45164706623909207,0.45164706623909207,0.45164706623909207,-0.3889825744800449,E33
L,L24,E,p.Leu24Glu,24,94,urn:mavedb:00000001-b-2,-0.82355127083579,-0.82355127083579,-0.82355127083579,-0.8308038223721191,-0.07016233711252406,-0.07016233711252406,-0.07016233711252406,-0.7588532883642496,L24
S,S31,P,p.Ser31Pro,31,95,urn:mavedb:00000001-b-2,0.478690792477441,0.478690792477441,0.478690792477441,-0.35413153456998314,0.4487526091012741,0.4487526091012741,0.4487526091012741,-0.4131534569983136,S31
F,F66,C,p.Phe66Cys,66,96,urn:mavedb:00000001-b-2,-0.217132801964885,-0.217132801964885,-0.217132801964885,-0.5964024732996065,0.4996736687845401,0.4996736687845401,0.4996736687845401,-0.3041034288926363,F66
G,G19,Q,p.Gly19Gln,19,98,urn:mavedb:00000001-b-2,0.6843852606761349,0.6843852606761349,0.6843852606761349,-0.23721191680719503,0.3148442399409529,0.3148442399409529,0.3148442399409529,-0.5598650927487352,G19
Y,Y91,S,p.Tyr91Ser,91,99,urn:mavedb:00000001-b-2,-0.121596221827461,-0.121596221827461,-0.121596221827461,-0.5570545250140528,0.04366831554029549,0.04366831554029549,0.04366831554029549,-0.7166947723440135,Y91
K,K39,L,p.Lys39Leu,39,100,urn:mavedb:00000001-b-2,0.42141035870968496,0.42141035870968496,0.42141035870968496,-0.3783024170882518,0.492441896621572,0.492441896621572,0.492441896621572,-0.3164699269252389,K39
R,R63,V,p.Arg63Val,63,101,urn:mavedb:00000001-b-2,0.309172815319926,0.309172815319926,0.309172815319926,-0.4198988195615514,0.45164706623909207,0.45164706623909207,0.45164706623909207,-0.3889825744800449,R63
S,S31,V,p.Ser31Val,31,102,urn:mavedb:00000001-b-2,-0.647456689681712,-0.647456689681712,-0.647456689681712,-0.7976391231028668,-0.6773948730578789,-0.6773948730578789,-0.6773948730578789,-0.8617200674536256,S31
Q,Q55,S,p.Gln55Ser,55,103,urn:mavedb:00000001-b-2,0.872919878871357,0.872919878871357,0.872919878871357,-0.08656548622821802,0.54376139884231,0.54376139884231,0.54376139884231,-0.2630691399662731,Q55
S,S32,Y,p.Ser32Tyr,32,104,urn:mavedb:00000001-b-2,0.0472806069691092,0.0472806069691092,0.0472806069691092,-0.507026419336706,-0.00548648470549172,-0.00548648470549172,-0.00548648470549172,-0.7341202922990444,S32
H,H43,G,p.His43Gly,43,105,urn:mavedb:00000001-b-2,0.7385299877440691,0.7385299877440691,0.7385299877440691,-0.19561551433389546,0.3731996891615641,0.3731996891615641,0.3731996891615641,-0.508150646430579,H43
P,P77,R,p.Pro77Arg,77,106,urn:mavedb:00000001-b-2,0.116890977815704,0.116890977815704,0.116890977815704,-0.4856661045531197,0.928007592343975,0.928007592343975,0.928007592343975,-0.022484541877459185,P77
N,N74,T,p.Asn74Thr,74,108,urn:mavedb:00000001-b-2,0.795036072639753,0.795036072639753,0.795036072639753,-0.1540191118605958,0.4188635818478621,0.4188635818478621,0.4188635818478621,-0.4508150646430579,N74
K,K46,V,p.Lys46Val,46,109,urn:mavedb:00000001-b-2,0.623107904855709,0.623107904855709,0.623107904855709,-0.2759977515458122,0.4957078424173082,0.4957078424173082,0.4957078424173082,-0.3086003372681281,K46
G,G14,E,p.Gly14Glu,14,110,urn:mavedb:00000001-b-2,0.849529239359531,0.849529239359531,0.849529239359531,-0.10736368746486792,0.45164706623909207,0.45164706623909207,0.45164706623909207,-0.3889825744800449,G14
D,D30,L,p.Asp30Leu,30,111,urn:mavedb:00000001-b-2,0.2313232243052589,0.2313232243052589,0.2313232243052589,-0.4513771781899944,0.4738929320786385,0.4738929320786385,0.4738929320786385,-0.3389544688026981,D30
S,S32,L,p.Ser32Leu,32,112,urn:mavedb:00000001-b-2,0.07026896533603033,0.07026896533603033,0.07026896533603033,-0.5014052838673412,0.017501873661429412,0.017501873661429412,0.017501873661429412,-0.727937043282743,S32
L,L44,N,p.Leu44Asn,44,113,urn:mavedb:00000001-b-2,-0.527871570939383,-0.527871570939383,-0.527871570939383,-0.7560427206295671,0.25299059758601306,0.25299059758601306,0.25299059758601306,-0.6059584035975267,L44
I,I22,G,p.Ile22Gly,22,114,urn:mavedb:00000001-b-2,0.16840197089143896,0.16840197089143896,0.16840197089143896,-0.4738617200674536,0.5430911520846111,0.5430911520846111,0.5430911520846111,-0.2636312535132096,I22
D,D30,S,p.Asp30Ser,30,115,urn:mavedb:00000001-b-2,-0.4803524380006711,-0.4803524380006711,-0.4803524380006711,-0.732433951658235,-0.2377827302272916,-0.2377827302272916,-0.2377827302272916,-0.8015739179314221,D30
V,V87,L,p.Val87Leu,87,116,urn:mavedb:00000001-b-2,1.04168065961178,1.04168065961178,1.04168065961178,0.029229904440697063,0.6236916046389086,0.6236916046389086,0.6236916046389086,-0.1804384485666104,V87
Q,Q94,G,p.Gln94Gly,94,117,urn:mavedb:00000001-b-2,-0.506319745516178,-0.506319745516178,-0.506319745516178,-0.7453625632377741,-0.5888898039987109,-0.5888898039987109,-0.5888898039987109,-0.8516020236087689,Q94
E,E85,S,p.Glu85Ser,85,118,urn:mavedb:00000001-b-2,0.814696710127263,0.814696710127263,0.814696710127263,-0.13659359190556486,0.22322613270521496,0.22322613270521496,0.22322613270521496,-0.6261944912872399,E85
D,D86,K,p.Asp86Lys,86,119,urn:mavedb:00000001-b-2,-0.19831123892504304,-0.19831123892504304,-0.19831123892504304,-0.5913434513771781,0.4097110516081524,0.4097110516081524,0.4097110516081524,-0.4631815626756605,D86
K,K45,S,p.Lys45Ser,45,120,urn:mavedb:00000001-b-2,0.72305169824203,0.72305169824203,0.72305169824203,-0.20685778527262502,0.4891762071785041,0.4891762071785041,0.4891762071785041,-0.3220910623946036,K45
V,V38,M,p.Val38Met,38,121,urn:mavedb:00000001-b-2,1.16093576523164,1.16093576523164,1.16093576523164,0.07644744238336143,1.9671078775384825,1.9671078775384825,1.9671078775384825,0.10792580101180438,V38
I,I34,C,p.Ile34Cys,34,122,urn:mavedb:00000001-b-2,-0.207721827282428,-0.207721827282428,-0.207721827282428,-0.5924676784710512,0.3727157165286721,0.3727157165286721,0.3727157165286721,-0.5098369870713884,I34
E,E79,K,p.Glu79Lys,79,123,urn:mavedb:00000001-b-2,0.655363073862881,0.655363073862881,0.655363073862881,-0.2540753232152895,0.811327521186496,0.811327521186496,0.811327521186496,-0.06632939853850472,E79
L,L80,R,p.Leu80Arg,80,124,urn:mavedb:00000001-b-2,-0.470869146684667,-0.470869146684667,-0.470869146684667,-0.7279370432827431,0.460333070794257,0.460333070794257,0.460333070794257,-0.3513209668353007,L80
Q,Q55,R,p.Gln55Arg,55,125,urn:mavedb:00000001-b-2,1.26006845705909,1.26006845705909,1.26006845705909,0.10230466554243957,0.9309099770300432,0.9309099770300432,0.9309099770300432,-0.021360314783586243,Q55
E,E18,L,p.Glu18Leu,18,126,urn:mavedb:00000001-b-2,0.6441984343849511,0.6441984343849511,0.6441984343849511,-0.26082068577852724,0.3015285750526351,0.3015285750526351,0.3015285750526351,-0.5705452501405284,E18
T,T41,S,p.Thr41Ser,41,127,urn:mavedb:00000001-b-2,0.8521216861484071,0.8521216861484071,0.8521216861484071,-0.10286677908937604,1.3654907406546108,1.3654907406546108,1.3654907406546108,0.06464305789769542,T41
L,L62,V,p.Leu62Val,62,128,urn:mavedb:00000001-b-2,1.33532915244145,1.33532915244145,1.33532915244145,0.11129848229342333,1.6793011131335789,1.6793011131335789,1.6793011131335789,0.09387296233839236,L62
N,N60,Q,p.Asn60Gln,60,129,urn:mavedb:00000001-b-2,0.202358686674889,0.202358686674889,0.202358686674889,-0.462619449128724,0.38991691188735,0.38991691188735,0.38991691188735,-0.4839797639123102,N60
T,T76,E,p.Thr76Glu,76,130,urn:mavedb:00000001-b-2,-0.776494819410968,-0.776494819410968,-0.776494819410968,-0.8263069139966273,0.22665159197607895,0.22665159197607895,0.22665159197607895,-0.6228218100056211,T76
T,T41,P,p.Thr41Pro,41,131,urn:mavedb:00000001-b-2,0.4399433913254529,0.4399433913254529,0.4399433913254529,-0.37380550871276,0.9533124458316568,0.9533124458316568,0.9533124458316568,-0.013490725126475532,T41
R,R63,L,p.Arg63Leu,63,132,urn:mavedb:00000001-b-2,0.441829956957586,0.441829956957586,0.441829956957586,-0.37268128161888703,0.5843042078767521,0.5843042078767521,0.5843042078767521,-0.21753794266441814,R63
T,T41,A,p.Thr41Ala,41,133,urn:mavedb:00000001-b-2,0.705298234739553,0.705298234739553,0.705298234739553,-0.21866216975829111,1.2186672892457568,1.2186672892457568,1.2186672892457568,0.0427206295671726,T41
L,L47,I,p.Leu47Ile,47,134,urn:mavedb:00000001-b-2,0.546573007088878,0.546573007088878,0.546573007088878,-0.3187183811129848,1.2817098364992259,1.2817098364992259,1.2817098364992259,0.05508712759977519,L47
T,T76,Q,p.Thr76Gln,76,135,urn:mavedb:00000001-b-2,-0.551499345147955,-0.551499345147955,-0.551499345147955,-0.7661607644744238,0.45164706623909207,0.45164706623909207,0.45164706623909207,-0.3889825744800449,T76
V,V87,T,p.Val87Thr,87,136,urn:mavedb:00000001-b-2,1.14454532418043,1.14454532418043,1.14454532418043,0.06913996627318719,0.7265562692075586,0.7265562692075586,0.7265562692075586,-0.10905002810567732,V87
K,K17,T,p.Lys17Thr,17,137,urn:mavedb:00000001-b-2,1.5546539416773302,1.5546539416773302,1.5546539416773302,0.12366498032602592,1.298695365852944,1.298695365852944,1.298695365852944,0.0567734682405846,K17
K,K17,E,p.Lys17Glu,17,138,urn:mavedb:00000001-b-2,1.04109994485956,1.04109994485956,1.04109994485956,0.02754356379988765,0.7851413690351741,0.7851413690351741,0.7851413690351741,-0.07757166947723437,K17
F,F66,L,p.Phe66Leu,66,139,urn:mavedb:00000001-b-2,-0.30806688124456,-0.30806688124456,-0.30806688124456,-0.6481169196177627,0.40873958950486505,0.40873958950486505,0.40873958950486505,-0.4637436762225969,F66
E,E85,G,p.Glu85Gly,85,140,urn:mavedb:00000001-b-2,1.24976212838383,1.24976212838383,1.24976212838383,0.10061832490163014,0.6582915509617819,0.6582915509617819,0.6582915509617819,-0.15851602023608768,E85
E,E20,L,p.Glu20Leu,20,141,urn:mavedb:00000001-b-2,0.7823178912821759,0.7823178912821759,0.7823178912821759,-0.1641371557054525,0.3720797567700549,0.3720797567700549,0.3720797567700549,-0.5115233277121978,E20
E,E89,I,p.Glu89Ile,89,142,urn:mavedb:00000001-b-2,0.923770899839287,0.923770899839287,0.923770899839287,-0.050028105677346835,0.7340670936444129,0.7340670936444129,0.7340670936444129,-0.10399100618324897,E89
E,E84,D,p.Glu84Asp,84,143,urn:mavedb:00000001-b-2,0.7985605542730759,0.7985605542730759,0.7985605542730759,-0.15064643057897698,0.4455839647057371,0.4455839647057371,0.4455839647057371,-0.4221472737492973,E84
Q,Q69,A,p.Gln69Ala,69,144,urn:mavedb:00000001-b-2,1.03726251865447,1.03726251865447,1.03726251865447,0.02360876897133224,0.944373795326504,0.944373795326504,0.944373795326504,-0.01630129286115789,Q69
E,E33,M,p.Glu33Met,33,145,urn:mavedb:00000001-b-2,-0.0163728098188454,-0.0163728098188454,-0.0163728098188454,-0.5278246205733558,0.2838130981839226,0.2838130981839226,0.2838130981839226,-0.5817875210792579,E33
M,M40,T,p.Met40Thr,40,146,urn:mavedb:00000001-b-2,0.929692604158796,0.929692604158796,0.929692604158796,-0.04721753794266437,0.5350824455568579,0.5350824455568579,0.5350824455568579,-0.27093872962338383,M40
M,M40,P,p.Met40Pro,40,147,urn:mavedb:00000001-b-2,0.8654583285536899,0.8654583285536899,0.8654583285536899,-0.09387296233839236,0.470848169951752,0.470848169951752,0.470848169951752,-0.3428892636312535,M40
L,L24,T,p.Leu24Thr,24,148,urn:mavedb:00000001-b-2,0.483546460765357,0.483546460765357,0.483546460765357,-0.3513209668353007,1.236935394488623,1.236935394488623,1.236935394488623,0.046093310848791536,L24
E,E84,R,p.Glu84Arg,84,149,urn:mavedb:00000001-b-2,0.9701180883873348,0.9701180883873348,0.9701180883873348,-0.02473299606520518,0.6171414988199959,0.6171414988199959,0.6171414988199959,-0.1860595840359752,E84
G,G68,A,p.Gly68Ala,68,150,urn:mavedb:00000001-b-2,-0.6469214531617529,-0.6469214531617529,-0.6469214531617529,-0.7970770095559303,0.1490075161274852,0.1490075161274852,0.1490075161274852,-0.6734120292299044,G68
E,E33,D,p.Glu33Asp,33,151,urn:mavedb:00000001-b-2,-0.125336595572246,-0.125336595572246,-0.125336595572246,-0.5587408656548623,0.17484931243052199,0.17484931243052199,0.17484931243052199,-0.6610455311973018,E33
R,R54,F,p.Arg54Phe,54,152,urn:mavedb:00000001-b-2,0.6763077990046998,0.6763077990046998,0.6763077990046998,-0.2422709387296233,1.0131603817145989,1.0131603817145989,1.0131603817145989,0.002810567734682468,R54
Q,Q92,F,p.Gln92Phe,92,153,urn:mavedb:00000001-b-2,-0.30692827954938,-0.30692827954938,-0.30692827954938,-0.6469926925238898,-0.6059550826588371,-0.6059550826588371,-0.6059550826588371,-0.8566610455311973,Q92
E,E67,V,p.Glu67Val,67,154,urn:mavedb:00000001-b-2,0.245529647377083,0.245529647377083,0.245529647377083,-0.44519392917369305,0.4087360833007861,0.4087360833007861,0.4087360833007861,-0.4643057897695334,E67
V,V90,S,p.Val90Ser,90,155,urn:mavedb:00000001-b-2,0.561370055798047,0.561370055798047,0.561370055798047,-0.3102866779089376,1.15402556717985,1.15402556717985,1.15402556717985,0.03147835862844295,V90
H,H75,E,p.His75Glu,75,156,urn:mavedb:00000001-b-2,0.822150654931298,0.822150654931298,0.822150654931298,-0.13097245643620006,0.9277319255846634,0.9277319255846634,0.9277319255846634,-0.023046655424395657,H75
I,I34,L,p.Ile34Leu,34,157,urn:mavedb:00000001-b-2,0.455785447142253,0.455785447142253,0.455785447142253,-0.3659359190556493,1.0362229909533531,1.0362229909533531,1.0362229909533531,0.006745362563237768,I34
G,G96,E,p.Gly96Glu,96,158,urn:mavedb:00000001-b-2,-0.4913765089311911,-0.4913765089311911,-0.4913765089311911,-0.7369308600337268,0.2738537270212529,0.2738537270212529,0.2738537270212529,-0.5902192242833052,G96
E,E85,Y,p.Glu85Tyr,85,159,urn:mavedb:00000001-b-2,1.07822485632334,1.07822485632334,1.07822485632334,0.046655424395728014,0.4867542789012919,0.4867542789012919,0.4867542789012919,-0.3249016301292861,E85
D,D30,F,p.Asp30Phe,30,160,urn:mavedb:00000001-b-2,-0.205620709849612,-0.205620709849612,-0.205620709849612,-0.5919055649241147,0.036948997923767546,0.036948997923767546,0.036948997923767546,-0.7189432265317593,D30
L,L65,P,p.Leu65Pro,65,161,urn:mavedb:00000001-b-2,-0.22682817967489605,-0.22682817967489605,-0.22682817967489605,-0.6031478358628443,0.4776742684170599,0.4776742684170599,0.4776742684170599,-0.3350196739741428,L65
G,G14,A,p.Gly14Ala,14,162,urn:mavedb:00000001-b-2,0.467172105311624,0.467172105311624,0.467172105311624,-0.3642495784148397,0.06928993219118501,0.06928993219118501,0.06928993219118501,-0.7093872962338392,G14
T,T76,P,p.Thr76Pro,76,163,urn:mavedb:00000001-b-2,-0.230407378668911,-0.230407378668911,-0.230407378668911,-0.6059584035975267,0.7727390327181359,0.7727390327181359,0.7727390327181359,-0.08375491849353567,T76
C,C52,G,p.Cys52Gly,52,165,urn:mavedb:00000001-b-2,-0.255665827977679,-0.255665827977679,-0.255665827977679,-0.6188870151770658,0.5722219735452605,0.5722219735452605,0.5722219735452605,-0.2332771219786396,C52
L,L47,C,p.Leu47Cys,47,166,urn:mavedb:00000001-b-2,-0.5528443793378339,-0.5528443793378339,-0.5528443793378339,-0.7672849915682968,0.18229245007251405,0.18229245007251405,0.18229245007251405,-0.6559865092748735,L47
E,E20,S,p.Glu20Ser,20,167,urn:mavedb:00000001-b-2,1.08356516198674,1.08356516198674,1.08356516198674,0.04946599213041036,0.6733270274746189,0.6733270274746189,0.6733270274746189,-0.14558740865654862,E20
Q,Q92,P,p.Gln92Pro,92,168,urn:mavedb:00000001-b-2,0.68190346796075,0.68190346796075,0.68190346796075,-0.239460370994941,0.3828766648512929,0.3828766648512929,0.3828766648512929,-0.4957841483979764,Q92
E,E89,L,p.Glu89Leu,89,169,urn:mavedb:00000001-b-2,0.899690370410878,0.899690370410878,0.899690370410878,-0.0668915120854412,0.7099865642160039,0.7099865642160039,0.7099865642160039,-0.12085441259134345,E89
D,D30,V,p.Asp30Val,30,170,urn:mavedb:00000001-b-2,-0.268150156736276,-0.268150156736276,-0.268150156736276,-0.6256323777403036,-0.025580448962896463,-0.025580448962896463,-0.025580448962896463,-0.7408656548622822,D30
T,T95,P,p.Thr95Pro,95,171,urn:mavedb:00000001-b-2,-0.0649241723809477,-0.0649241723809477,-0.0649241723809477,-0.5407532321528948,-0.18653091977376368,-0.18653091977376368,-0.18653091977376368,-0.7858347386172007,T95
P,P58,I,p.Pro58Ile,58,172,urn:mavedb:00000001-b-2,-0.4333504978400949,-0.4333504978400949,-0.4333504978400949,-0.7099494097807757,0.38249642502532816,0.38249642502532816,0.38249642502532816,-0.4969083754918493,P58
S,S61,Y,p.Ser61Tyr,61,173,urn:mavedb:00000001-b-2,1.04031948533346,1.04031948533346,1.04031948533346,0.02698145025295107,1.133446506106571,1.133446506106571,1.133446506106571,0.02754356379988765,S61
Q,Q69,L,p.Gln69Leu,69,174,urn:mavedb:00000001-b-2,0.461868005463331,0.461868005463331,0.461868005463331,-0.3653738055087128,0.3689792821353649,0.3689792821353649,0.3689792821353649,-0.5126475548060707,Q69
L,L47,D,p.Leu47Asp,47,175,urn:mavedb:00000001-b-2,-0.0601987486827783,-0.0601987486827783,-0.0601987486827783,-0.538504777965149,0.6749380807275697,0.6749380807275697,0.6749380807275697,-0.1439010680157391,L47
T,T76,V,p.Thr76Val,76,177,urn:mavedb:00000001-b-2,-0.606081039801438,-0.606081039801438,-0.606081039801438,-0.7847105115233277,0.39706537158560895,0.39706537158560895,0.39706537158560895,-0.4772344013490725,T76
M,M40,N,p.Met40Asn,40,178,urn:mavedb:00000001-b-2,0.831680328983894,0.831680328983894,0.831680328983894,-0.12029229904440696,0.4370701703819561,0.4370701703819561,0.4370701703819561,-0.4362001124227093,M40
Y,Y91,E,p.Tyr91Glu,91,179,urn:mavedb:00000001-b-2,0.28426180958053804,0.28426180958053804,0.28426180958053804,-0.43057897695334457,0.4495263469482945,0.4495263469482945,0.4495263469482945,-0.41202922990444063,Y91
Y,Y51,A,p.Tyr51Ala,51,180,urn:mavedb:00000001-b-2,-0.388957338659578,-0.388957338659578,-0.388957338659578,-0.6902754356379989,0.3215268202808041,0.3215268202808041,0.3215268202808041,-0.5542439572793704,Y51
K,K23,N,p.Lys23Asn,23,181,urn:mavedb:00000001-b-2,0.569248190665572,0.569248190665572,0.569248190665572,-0.3057897695334457,0.339567769216956,0.339567769216956,0.339567769216956,-0.5424395727937044,K23
V,V90,I,p.Val90Ile,90,182,urn:mavedb:00000001-b-2,0.285071265457672,0.285071265457672,0.285071265457672,-0.4300168634064081,0.8777267768394751,0.8777267768394751,0.8777267768394751,-0.042720629567172486,V90
L,L24,P,p.Leu24Pro,24,183,urn:mavedb:00000001-b-2,-0.501076287584201,-0.501076287584201,-0.501076287584201,-0.7425519955030916,0.252312646139065,0.252312646139065,0.252312646139065,-0.6065205171444632,L24
I,I34,S,p.Ile34Ser,34,184,urn:mavedb:00000001-b-2,-0.021236225019124,-0.021236225019124,-0.021236225019124,-0.5295109612141653,0.5592013187919761,0.5592013187919761,0.5592013187919761,-0.24676784710511526,I34
I,I27,R,p.Ile27Arg,27,187,urn:mavedb:00000001-b-2,-0.197271200328988,-0.197271200328988,-0.197271200328988,-0.5902192242833052,0.051523455386242006,0.051523455386242006,0.051523455386242006,-0.7133220910623945,I27
I,I34,A,p.Ile34Ala,34,188,urn:mavedb:00000001-b-2,-0.128790477572008,-0.128790477572008,-0.128790477572008,-0.5615514333895446,0.45164706623909207,0.45164706623909207,0.45164706623909207,-0.3889825744800449,I34
H,H75,G,p.His75Gly,75,189,urn:mavedb:00000001-b-2,-0.4509963387191129,-0.4509963387191129,-0.4509963387191129,-0.7172568858909499,-0.3454150680657474,-0.3454150680657474,-0.3454150680657474,-0.8246205733558178,H75
N,N74,R,p.Asn74Arg,74,190,urn:mavedb:00000001-b-2,1.0080772234692803,1.0080772234692803,1.0080772234692803,0.007307476110174237,0.6319047326773893,0.6319047326773893,0.6319047326773893,-0.17369308600337266,N74
D,D15,V,p.Asp15Val,15,191,urn:mavedb:00000001-b-2,0.879704267159963,0.879704267159963,0.879704267159963,-0.08038223721191673,0.589614241437792,0.589614241437792,0.589614241437792,-0.2130410342889263,D15
D,D73,W,p.Asp73Trp,73,192,urn:mavedb:00000001-b-2,-0.4600451993335321,-0.4600451993335321,-0.4600451993335321,-0.7228780213603148,0.389058296319148,0.389058296319148,0.389058296319148,-0.4862282181000562,D73
F,F36,L,p.Phe36Leu,36,193,urn:mavedb:00000001-b-2,-0.36635987183864505,-0.36635987183864505,-0.36635987183864505,-0.6784710511523327,0.38062500980780295,0.38062500980780295,0.38062500980780295,-0.4997189432265317,F36
T,T42,A,p.Thr42Ala,42,194,urn:mavedb:00000001-b-2,0.628723821536468,0.628723821536468,0.628723821536468,-0.2720629567172569,0.8711667092116759,0.8711667092116759,0.8711667092116759,-0.04440697020798201,T42
K,K48,S,p.Lys48Ser,48,195,urn:mavedb:00000001-b-2,-0.514775053572567,-0.514775053572567,-0.514775053572567,-0.7515458122540752,0.465235673809382,0.465235673809382,0.465235673809382,-0.34794828555368185,K48
L,L62,N,p.Leu62Asn,62,196,urn:mavedb:00000001-b-2,0.102956311383383,0.102956311383383,0.102956311383383,-0.491849353569421,0.44692827207551206,0.44692827207551206,0.44692827207551206,-0.4187745924676785,L62
K,K37,P,p.Lys37Pro,37,197,urn:mavedb:00000001-b-2,-0.27926703035169703,-0.27926703035169703,-0.27926703035169703,-0.6306913996627319,0.4065695360497519,0.4065695360497519,0.4065695360497519,-0.4659921304103428,K37
P,P77,S,p.Pro77Ser,77,198,urn:mavedb:00000001-b-2,-0.288401498897536,-0.288401498897536,-0.288401498897536,-0.6368746486790331,0.522715115630735,0.522715115630735,0.522715115630735,-0.2833052276559864,P77
H,H35,P,p.His35Pro,35,199,urn:mavedb:00000001-b-2,0.0386626026826323,0.0386626026826323,0.0386626026826323,-0.5098369870713884,-0.17997719471640564,-0.17997719471640564,-0.17997719471640564,-0.7824620573355817,H35
M,M82,L,p.Met82Leu,82,201,urn:mavedb:00000001-b-2,-0.0011049649505518301,-0.0011049649505518301,-0.0011049649505518301,-0.5233277121978639,0.7842932172116892,0.7842932172116892,0.7842932172116892,-0.07869589657110733,M82
G,G68,D,p.Gly68Asp,68,202,urn:mavedb:00000001-b-2,-0.103416084376621,-0.103416084376621,-0.103416084376621,-0.5497470489038785,0.6925128849126171,0.6925128849126171,0.6925128849126171,-0.13097245643620006,G68
Y,Y51,S,p.Tyr51Ser,51,204,urn:mavedb:00000001-b-2,-0.550714010647412,-0.550714010647412,-0.550714010647412,-0.7655986509274874,0.1597701482929701,0.1597701482929701,0.1597701482929701,-0.669477234401349,Y51
T,T42,G,p.Thr42Gly,42,205,urn:mavedb:00000001-b-2,0.18913971234709093,0.18913971234709093,0.18913971234709093,-0.4671163575042158,0.431582600022299,0.431582600022299,0.431582600022299,-0.4401349072512647,T42
G,G28,A,p.Gly28Ala,28,206,urn:mavedb:00000001-b-2,1.14811947689221,1.14811947689221,1.14811947689221,0.07026419336706012,1.6577494167431397,1.6577494167431397,1.6577494167431397,0.09162450815064647,G28
E,E84,G,p.Glu84Gly,84,207,urn:mavedb:00000001-b-2,0.955886737164537,0.955886737164537,0.955886737164537,-0.034288926363125305,0.6029101475971981,0.6029101475971981,0.6029101475971981,-0.2006745362563237,E84
K,K23,Q,p.Lys23Gln,23,208,urn:mavedb:00000001-b-2,0.90502956481978,0.90502956481978,0.90502956481978,-0.06127037661607637,0.6753491433711639,0.6753491433711639,0.6753491433711639,-0.14221472737492968,K23
K,K45,E,p.Lys45Glu,45,209,urn:mavedb:00000001-b-2,0.8069176704557499,0.8069176704557499,0.8069176704557499,-0.14277684092186615,0.573042179392224,0.573042179392224,0.573042179392224,-0.23215289488476665,K45
S,S50,G,p.Ser50Gly,50,210,urn:mavedb:00000001-b-2,0.130788641501019,0.130788641501019,0.130788641501019,-0.4834176503653738,-0.3560557524205831,-0.3560557524205831,-0.3560557524205831,-0.8285553681843731,S50
E,E33,I,p.Glu33Ile,33,211,urn:mavedb:00000001-b-2,1.04225106950372,1.04225106950372,1.04225106950372,0.02979201798763353,1.342436977506488,1.342436977506488,1.342436977506488,0.06070826306914001,E33
Q,Q92,H,p.Gln92His,92,212,urn:mavedb:00000001-b-2,0.6191785092590479,0.6191785092590479,0.6191785092590479,-0.2776840921866217,0.3201517061495909,0.3201517061495909,0.3201517061495909,-0.5553681843732434,Q92
Q,Q69,Y,p.Gln69Tyr,69,213,urn:mavedb:00000001-b-2,0.364863226942732,0.364863226942732,0.364863226942732,-0.3991006183249016,0.27197450361476605,0.27197450361476605,0.27197450361476605,-0.5930297920179877,Q69
Q,Q92,R,p.Gln92Arg,92,214,urn:mavedb:00000001-b-2,0.9488179826579692,0.9488179826579692,0.9488179826579692,-0.03766160764474424,0.6497911795485122,0.6497911795485122,0.6497911795485122,-0.16526138279932545,Q92
G,G81,C,p.Gly81Cys,81,215,urn:mavedb:00000001-b-2,0.981274114136253,0.981274114136253,0.981274114136253,-0.012928611579539062,1.0718712866409459,1.0718712866409459,1.0718712866409459,0.012928611579539062,G81
K,K37,Q,p.Lys37Gln,37,216,urn:mavedb:00000001-b-2,0.953048899983406,0.953048899983406,0.953048899983406,-0.03597526700393472,1.6388854663848549,1.6388854663848549,1.6388854663848549,0.08881394041596402,K37
K,K46,G,p.Lys46Gly,46,217,urn:mavedb:00000001-b-2,-0.456844920898893,-0.456844920898893,-0.456844920898893,-0.7200674536256324,-0.5842449833372938,-0.5842449833372938,-0.5842449833372938,-0.8510399100618324,K46
Q,Q69,H,p.Gln69His,69,218,urn:mavedb:00000001-b-2,0.378195887024434,0.378195887024434,0.378195887024434,-0.3940415964024733,0.2853071636964679,0.2853071636964679,0.2853071636964679,-0.5806632939853851,Q69
Q,Q55,V,p.Gln55Val,55,219,urn:mavedb:00000001-b-2,1.27931540668717,1.27931540668717,1.27931540668717,0.10399100618324908,0.9501569266581228,0.9501569266581228,0.9501569266581228,-0.014614952220348474,Q55
I,I71,T,p.Ile71Thr,71,220,urn:mavedb:00000001-b-2,-0.239287106329664,-0.239287106329664,-0.239287106329664,-0.611017425519955,0.6173282223853729,0.6173282223853729,0.6173282223853729,-0.18493535694210228,I71
T,T41,R,p.Thr41Arg,41,223,urn:mavedb:00000001-b-2,-0.134062775042789,-0.134062775042789,-0.134062775042789,-0.5649241146711635,0.3793062794634149,0.3793062794634149,0.3793062794634149,-0.5014052838673412,T41
G,G14,H,p.Gly14His,14,225,urn:mavedb:00000001-b-2,1.14926122414426,1.14926122414426,1.14926122414426,0.0708263069139966,0.751379051023821,0.751379051023821,0.751379051023821,-0.09387296233839226,G14
N,N60,L,p.Asn60Leu,60,226,urn:mavedb:00000001-b-2,-0.170015807129601,-0.170015807129601,-0.170015807129601,-0.5789769533445757,0.017542418082860032,0.017542418082860032,0.017542418082860032,-0.7273749297358065,N60
I,I34,F,p.Ile34Phe,34,228,urn:mavedb:00000001-b-2,1.41178714046921,1.41178714046921,1.41178714046921,0.1174817313097246,1.99222468428031,1.99222468428031,1.99222468428031,0.10905002810567743,I34
T,T42,W,p.Thr42Trp,42,230,urn:mavedb:00000001-b-2,-0.547008909377385,-0.547008909377385,-0.547008909377385,-0.7644744238336144,-0.3045660217021769,-0.3045660217021769,-0.3045660217021769,-0.8173130972456436,T42
Y,Y91,D,p.Tyr91Asp,91,231,urn:mavedb:00000001-b-2,0.265763075615719,0.265763075615719,0.265763075615719,-0.4362001124227093,0.43102761298347547,0.43102761298347547,0.43102761298347547,-0.4412591343451377,Y91
A,A72,K,p.Ala72Lys,72,232,urn:mavedb:00000001-b-2,-0.731777441435115,-0.731777441435115,-0.731777441435115,-0.8173130972456436,-1.0355279339648829,-1.0355279339648829,-1.0355279339648829,-0.8774592467678471,A72
Y,Y21,Q,p.Tyr21Gln,21,233,urn:mavedb:00000001-b-2,0.994605561220418,0.994605561220418,0.994605561220418,-0.0033726812816188283,0.7346249911161095,0.7346249911161095,0.7346249911161095,-0.10286677908937604,Y21
T,T42,K,p.Thr42Lys,42,234,urn:mavedb:00000001-b-2,0.32569311293611897,0.32569311293611897,0.32569311293611897,-0.4148397976391231,0.568136000611327,0.568136000611327,0.568136000611327,-0.2388982574480044,T42
I,I22,A,p.Ile22Ala,22,237,urn:mavedb:00000001-b-2,-0.28723021129019,-0.28723021129019,-0.28723021129019,-0.6363125351320966,0.08745896990298213,0.08745896990298213,0.08745896990298213,-0.7009555930297919,I22
H,H43,P,p.His43Pro,43,238,urn:mavedb:00000001-b-2,0.971961167910451,0.971961167910451,0.971961167910451,-0.022484541877459185,0.6066308693279461,0.6066308693279461,0.6066308693279461,-0.19392917369308596,H43
G,G56,L,p.Gly56Leu,56,239,urn:mavedb:00000001-b-2,0.17241521398572102,0.17241521398572102,0.17241521398572102,-0.4716132658797077,0.27422843684997106,0.27422843684997106,0.27422843684997106,-0.5896571107363687,G56
Q,Q94,I,p.Gln94Ile,94,240,urn:mavedb:00000001-b-2,0.4980854514033939,0.4980854514033939,0.4980854514033939,-0.34345137717819,0.4155153929208609,0.4155153929208609,0.4155153929208609,-0.4547498594716132,Q94
L,L44,R,p.Leu44Arg,44,241,urn:mavedb:00000001-b-2,-0.329215102286304,-0.329215102286304,-0.329215102286304,-0.65654862282181,0.4516470662390921,0.4516470662390921,0.4516470662390921,-0.3687464867903316,L44
I,I34,Q,p.Ile34Gln,34,242,urn:mavedb:00000001-b-2,-0.412454563686682,-0.412454563686682,-0.412454563686682,-0.7009555930297919,0.16798298012441806,0.16798298012441806,0.16798298012441806,-0.6638560989319842,I34
G,G97,C,p.Gly97Cys,97,244,urn:mavedb:00000001-b-2,-0.270292708390612,-0.270292708390612,-0.270292708390612,-0.6267566048341765,0.4754309824369549,0.4754309824369549,0.4754309824369549,-0.33783024170882514,G97
R,R70,P,p.Arg70Pro,70,245,urn:mavedb:00000001-b-2,0.8304606774732259,0.8304606774732259,0.8304606774732259,-0.12141652613827993,0.4524830834548696,0.4524830834548696,0.4524830834548696,-0.3642495784148397,R70
F,F36,C,p.Phe36Cys,36,246,urn:mavedb:00000001-b-2,-0.302431127065388,-0.302431127065388,-0.302431127065388,-0.6447442383361439,0.4445537545810601,0.4445537545810601,0.4445537545810601,-0.4238336143901068,F36
Y,Y21,R,p.Tyr21Arg,21,247,urn:mavedb:00000001-b-2,0.637359552441355,0.637359552441355,0.637359552441355,-0.2653175941540191,0.3773789823370466,0.3773789823370466,0.3773789823370466,-0.5042158516020236,Y21
V,V90,W,p.Val90Trp,90,249,urn:mavedb:00000001-b-2,-0.608982559852606,-0.608982559852606,-0.608982559852606,-0.7863968521641371,-0.01632704847080291,-0.01632704847080291,-0.01632704847080291,-0.7386172006745362,V90
K,K16,Y,p.Lys16Tyr,16,250,urn:mavedb:00000001-b-2,0.64615200711606,0.64615200711606,0.64615200711606,-0.2596964586846543,0.32224679115188704,0.32224679115188704,0.32224679115188704,-0.5531197301854974,K16
Y,Y21,P,p.Tyr21Pro,21,251,urn:mavedb:00000001-b-2,0.7744309625761411,0.7744309625761411,0.7744309625761411,-0.17088251826869028,0.5144503924718327,0.5144503924718327,0.5144503924718327,-0.2878021360314783,Y21
V,V87,E,p.Val87Glu,87,253,urn:mavedb:00000001-b-2,0.8018208176115009,0.8018208176115009,0.8018208176115009,-0.14952220348510392,0.3838317626386295,0.3838317626386295,0.3838317626386295,-0.4935356942102304,V87
Q,Q69,G,p.Gln69Gly,69,254,urn:mavedb:00000001-b-2,0.4901295089767171,0.4901295089767171,0.4901295089767171,-0.3473861720067454,0.39724078564875104,0.39724078564875104,0.39724078564875104,-0.476672287802136,Q69
Q,Q29,R,p.Gln29Arg,29,255,urn:mavedb:00000001-b-2,1.05392154603872,1.05392154603872,1.05392154603872,0.03766160764474424,1.149291720856513,1.149291720856513,1.149291720856513,0.03091624508150648,Q29
Q,Q92,G,p.Gln92Gly,92,256,urn:mavedb:00000001-b-2,0.804907654532158,0.804907654532158,0.804907654532158,-0.14671163575042154,0.5058808514227009,0.5058808514227009,0.5058808514227009,-0.29792017987633507,Q92
I,I34,V,p.Ile34Val,34,257,urn:mavedb:00000001-b-2,0.887949965260917,0.887949965260917,0.887949965260917,-0.07476110174255203,1.4683875090720169,1.4683875090720169,1.4683875090720169,0.07757166947723447,I34
F,F36,E,p.Phe36Glu,36,258,urn:mavedb:00000001-b-2,-0.7180130198267192,-0.7180130198267192,-0.7180130198267192,-0.8116919617762788,0.02897186181972888,0.02897186181972888,0.02897186181972888,-0.7240022484541877,F36
E,E93,L,p.Glu93Leu,93,259,urn:mavedb:00000001-b-2,0.393669234827839,0.393669234827839,0.393669234827839,-0.38617200674536256,0.18361763219046898,0.18361763219046898,0.18361763219046898,-0.6548622821810005,E93
Y,Y21,H,p.Tyr21His,21,260,urn:mavedb:00000001-b-2,1.22838331603006,1.22838331603006,1.22838331603006,0.09724564362001133,0.9684027459257516,0.9684027459257516,0.9684027459257516,-0.008993816750983652,Y21
I,I22,W,p.Ile22Trp,22,261,urn:mavedb:00000001-b-2,-0.523163265897996,-0.523163265897996,-0.523163265897996,-0.7549184935356942,-0.14847408470482387,-0.14847408470482387,-0.14847408470482387,-0.7745924676784709,I22
Q,Q55,F,p.Gln55Phe,55,262,urn:mavedb:00000001-b-2,0.43720381530990704,0.43720381530990704,0.43720381530990704,-0.37605396290050586,0.10804533528086002,0.10804533528086002,0.10804533528086002,-0.6925238898257448,Q55
E,E79,W,p.Glu79Trp,79,263,urn:mavedb:00000001-b-2,0.4450207252294411,0.4450207252294411,0.4450207252294411,-0.371557054525014,0.6009851725530562,0.6009851725530562,0.6009851725530562,-0.20179876335019664,E79
I,I34,H,p.Ile34His,34,265,urn:mavedb:00000001-b-2,0.0246890161571451,0.0246890161571451,0.0246890161571451,-0.5165823496346262,0.6051265599682452,0.6051265599682452,0.6051265599682452,-0.19730185497470487,I34
I,I22,P,p.Ile22Pro,22,266,urn:mavedb:00000001-b-2,0.3640166554272121,0.3640166554272121,0.3640166554272121,-0.40078695896571104,0.7387058366203842,0.7387058366203842,0.7387058366203842,-0.09893198426082063,I22
E,E93,T,p.Glu93Thr,93,268,urn:mavedb:00000001-b-2,1.6494278463497498,1.6494278463497498,1.6494278463497498,0.1259134345137718,1.4393762437123798,1.4393762437123798,1.4393762437123798,0.07363687464867907,E93
Q,Q53,R,p.Gln53Arg,53,269,urn:mavedb:00000001-b-2,0.9311650851363072,0.9311650851363072,0.9311650851363072,-0.046655424395727896,0.4822854304024792,0.4822854304024792,0.4822854304024792,-0.3282743114109049,Q53
Q,Q55,C,p.Gln55Cys,55,270,urn:mavedb:00000001-b-2,0.9163442347405468,0.9163442347405468,0.9163442347405468,-0.05508712759977508,0.5871857547114998,0.5871857547114998,0.5871857547114998,-0.21528948847667229,Q55
V,V87,S,p.Val87Ser,87,271,urn:mavedb:00000001-b-2,0.773566778715158,0.773566778715158,0.773566778715158,-0.17144463181562675,0.3555777237422866,0.3555777237422866,0.3555777237422866,-0.5255761663856098,V87
D,D30,R,p.Asp30Arg,30,272,urn:mavedb:00000001-b-2,0.6634118021414,0.6634118021414,0.6634118021414,-0.2495784148397976,0.9059815099147795,0.9059815099147795,0.9059815099147795,-0.032602585722315884,D30
I,I34,P,p.Ile34Pro,34,273,urn:mavedb:00000001-b-2,-0.14033742944687,-0.14033742944687,-0.14033742944687,-0.5682967959527825,0.44010011436422997,0.44010011436422997,0.44010011436422997,-0.4294547498594716,I34
S,S32,T,p.Ser32Thr,32,274,urn:mavedb:00000001-b-2,0.5044141579136929,0.5044141579136929,0.5044141579136929,-0.34007869589657114,0.45164706623909207,0.45164706623909207,0.45164706623909207,-0.3889825744800449,S32
H,H75,R,p.His75Arg,75,275,urn:mavedb:00000001-b-2,0.128208090173206,0.128208090173206,0.128208090173206,-0.4839797639123103,0.2337893608265715,0.2337893608265715,0.2337893608265715,-0.6188870151770658,H75
E,E85,N,p.Glu85Asn,85,276,urn:mavedb:00000001-b-2,1.4552614730394098,1.4552614730394098,1.4552614730394098,0.12029229904440696,0.8637908956173618,0.8637908956173618,0.8637908956173618,-0.04721753794266437,E85
K,K16,S,p.Lys16Ser,16,277,urn:mavedb:00000001-b-2,0.8763684366398861,0.8763684366398861,0.8763684366398861,-0.08375491849353567,0.5524632206757131,0.5524632206757131,0.5524632206757131,-0.2557616638560989,K16
K,K17,S,p.Lys17Ser,17,278,urn:mavedb:00000001-b-2,0.7947832780563191,0.7947832780563191,0.7947832780563191,-0.15458122540753227,0.5388247022319329,0.5388247022319329,0.5388247022319329,-0.267566048341765,K17
I,I88,W,p.Ile88Trp,88,279,urn:mavedb:00000001-b-2,-0.5192135105461649,-0.5192135105461649,-0.5192135105461649,-0.7537942664418212,0.2149848005344681,0.2149848005344681,0.2149848005344681,-0.6295671725688589,I88
K,K17,R,p.Lys17Arg,17,280,urn:mavedb:00000001-b-2,0.9568503893579532,0.9568503893579532,0.9568503893579532,-0.03372681281618884,0.7008918135335671,0.7008918135335671,0.7008918135335671,-0.12647554806070824,K17
E,E49,S,p.Glu49Ser,49,281,urn:mavedb:00000001-b-2,1.04797855128393,1.04797855128393,1.04797855128393,0.03316469926925236,1.1157989730294022,1.1157989730294022,1.1157989730294022,0.02417088251826871,E49
D,D30,G,p.Asp30Gly,30,282,urn:mavedb:00000001-b-2,0.970604029205774,0.970604029205774,0.970604029205774,-0.023046655424395657,1.2131737369791535,1.2131737369791535,1.2131737369791535,0.03991006183249024,D30
R,R63,K,p.Arg63Lys,63,283,urn:mavedb:00000001-b-2,0.271158106892913,0.271158106892913,0.271158106892913,-0.43338954468802704,0.41363235781207897,0.41363235781207897,0.41363235781207897,-0.4575604272062957,R63
I,I71,A,p.Ile71Ala,71,284,urn:mavedb:00000001-b-2,-0.545875400825551,-0.545875400825551,-0.545875400825551,-0.7633501967397414,0.310739927889486,0.310739927889486,0.310739927889486,-0.5621135469364811,I71
N,N60,A,p.Asn60Ala,60,285,urn:mavedb:00000001-b-2,0.251975790863946,0.251975790863946,0.251975790863946,-0.4435075885328836,0.4395340160764071,0.4395340160764071,0.4395340160764071,-0.431141090500281,N60
E,E18,A,p.Glu18Ala,18,286,urn:mavedb:00000001-b-2,0.7970509353416421,0.7970509353416421,0.7970509353416421,-0.15177065767284992,0.4543810760093261,0.4543810760093261,0.4543810760093261,-0.3625632377740303,E18
N,N60,H,p.Asn60His,60,287,urn:mavedb:00000001-b-2,0.7134649976960659,0.7134649976960659,0.7134649976960659,-0.2147273749297358,0.9010232229085268,0.9010232229085268,0.9010232229085268,-0.03372681281618884,N60
M,M59,V,p.Met59Val,59,288,urn:mavedb:00000001-b-2,1.05079728481284,1.05079728481284,1.05079728481284,0.034288926363125416,0.72989530155609,0.72989530155609,0.72989530155609,-0.10680157391793133,M59
E,E18,P,p.Glu18Pro,18,289,urn:mavedb:00000001-b-2,0.72668205216986,0.72668205216986,0.72668205216986,-0.20348510399100614,0.3840121928375441,0.3840121928375441,0.3840121928375441,-0.4929735806632939,E18
Y,Y51,Q,p.Tyr51Gln,51,290,urn:mavedb:00000001-b-2,-0.282217942873104,-0.282217942873104,-0.282217942873104,-0.6329398538504778,0.4282662160672781,0.4282662160672781,0.4282662160672781,-0.4440697020798201,Y51
V,V38,A,p.Val38Ala,38,291,urn:mavedb:00000001-b-2,0.4387218380876961,0.4387218380876961,0.4387218380876961,-0.3749297358066329,1.2448939503945389,1.2448939503945389,1.2448939503945389,0.04946599213041036,V38
K,K45,R,p.Lys45Arg,45,293,urn:mavedb:00000001-b-2,0.916024567448194,0.916024567448194,0.916024567448194,-0.05621135469364813,0.6821490763846682,0.6821490763846682,0.6821490763846682,-0.13827993254637427,K45
E,E79,Q,p.Glu79Gln,79,294,urn:mavedb:00000001-b-2,0.3824255940212821,0.3824255940212821,0.3824255940212821,-0.3923552557616639,0.5383900413448972,0.5383900413448972,0.5383900413448972,-0.26869027543563795,E79
T,T42,P,p.Thr42Pro,42,295,urn:mavedb:00000001-b-2,-0.225947311938754,-0.225947311938754,-0.225947311938754,-0.6025857223159078,0.016495575736454077,0.016495575736454077,0.016495575736454077,-0.7284991568296796,T42
G,G28,C,p.Gly28Cys,28,296,urn:mavedb:00000001-b-2,-0.5515958903591421,-0.5515958903591421,-0.5515958903591421,-0.7667228780213603,-0.041965950508212835,-0.041965950508212835,-0.041965950508212835,-0.7492973580663294,G28
V,V26,G,p.Val26Gly,26,297,urn:mavedb:00000001-b-2,-0.107866686901375,-0.107866686901375,-0.107866686901375,-0.5531197301854974,0.4138214569633096,0.4138214569633096,0.4138214569633096,-0.4569983136593592,V26
Q,Q94,D,p.Gln94Asp,94,298,urn:mavedb:00000001-b-2,-0.0044813277121205,-0.0044813277121205,-0.0044813277121205,-0.5255761663856099,-0.08705138619465345,-0.08705138619465345,-0.08705138619465345,-0.7622259696458684,Q94
G,G14,R,p.Gly14Arg,14,299,urn:mavedb:00000001-b-2,0.775701987848596,0.775701987848596,0.775701987848596,-0.16919617762788086,0.37781981472815707,0.37781981472815707,0.37781981472815707,-0.5036537380550871,G14
P,P58,H,p.Pro58His,58,300,urn:mavedb:00000001-b-2,-0.6240866032557879,-0.6240866032557879,-0.6240866032557879,-0.7903316469926925,0.19176031960963516,0.19176031960963516,0.19176031960963516,-0.6469926925238898,P58
R,R54,I,p.Arg54Ile,54,301,urn:mavedb:00000001-b-2,0.334557887834557,0.334557887834557,0.334557887834557,-0.4125913434513772,0.6714104705444559,0.6714104705444559,0.6714104705444559,-0.1500843170320404,R54
E,E85,I,p.Glu85Ile,85,302,urn:mavedb:00000001-b-2,0.0869768646216088,0.0869768646216088,0.0869768646216088,-0.4963462619449128,-0.5044937128004392,-0.5044937128004392,-0.5044937128004392,-0.8442945474985947,E85
E,E67,P,p.Glu67Pro,67,303,urn:mavedb:00000001-b-2,-0.125526168455977,-0.125526168455977,-0.125526168455977,-0.5593029792017987,0.037680267467726035,0.037680267467726035,0.037680267467726035,-0.7178189994378864,E67
L,L24,Q,p.Leu24Gln,24,304,urn:mavedb:00000001-b-2,-0.222837089243089,-0.222837089243089,-0.222837089243089,-0.6014614952220348,0.530551844480177,0.530551844480177,0.530551844480177,-0.2737492973580663,L24
M,M40,L,p.Met40Leu,40,305,urn:mavedb:00000001-b-2,1.04394948623436,1.04394948623436,1.04394948623436,0.03091624508150648,0.6493393276324222,0.6493393276324222,0.6493393276324222,-0.16582349634626192,M40
G,G14,P,p.Gly14Pro,14,307,urn:mavedb:00000001-b-2,-0.5312855776433889,-0.5312855776433889,-0.5312855776433889,-0.7582911748173131,-0.9291677507638278,-0.9291677507638278,-0.9291677507638278,-0.8757729061270376,G14
E,E67,G,p.Glu67Gly,67,308,urn:mavedb:00000001-b-2,0.7194248618041389,0.7194248618041389,0.7194248618041389,-0.20966835300730746,0.8826312977278419,0.8826312977278419,0.8826312977278419,-0.04103428892636307,E67
V,V38,S,p.Val38Ser,38,309,urn:mavedb:00000001-b-2,-0.6629895619130911,-0.6629895619130911,-0.6629895619130911,-0.8015739179314221,0.14318255039375138,0.14318255039375138,0.14318255039375138,-0.6779089376053963,V38
M,M82,A,p.Met82Ala,82,310,urn:mavedb:00000001-b-2,-0.227543887761356,-0.227543887761356,-0.227543887761356,-0.6042720629567173,0.5578542944008851,0.5578542944008851,0.5578542944008851,-0.2495784148397976,M82
L,L62,G,p.Leu62Gly,62,311,urn:mavedb:00000001-b-2,-0.6511301166184991,-0.6511301166184991,-0.6511301166184991,-0.7998875772906127,-0.3071581559263701,-0.3071581559263701,-0.3071581559263701,-0.8178752107925801,L62
I,I34,G,p.Ile34Gly,34,312,urn:mavedb:00000001-b-2,-0.473437382865633,-0.473437382865633,-0.473437382865633,-0.7284991568296796,0.10700016094546703,0.10700016094546703,0.10700016094546703,-0.6930860033726812,I34
T,T41,N,p.Thr41Asn,41,313,urn:mavedb:00000001-b-2,-0.221260571369822,-0.221260571369822,-0.221260571369822,-0.5997751545812253,0.2921084831363818,0.2921084831363818,0.2921084831363818,-0.5750421585160201,T41
F,F64,R,p.Phe64Arg,64,314,urn:mavedb:00000001-b-2,-0.288929551521473,-0.288929551521473,-0.288929551521473,-0.6374367622259696,0.5299921433789061,0.5299921433789061,0.5299921433789061,-0.2743114109050028,F64
Q,Q92,V,p.Gln92Val,92,315,urn:mavedb:00000001-b-2,1.03103260953567,1.03103260953567,1.03103260953567,0.019673974142776832,0.7320058064262128,0.7320058064262128,0.7320058064262128,-0.10567734682405837,Q92
H,H75,A,p.His75Ala,75,316,urn:mavedb:00000001-b-2,0.7416428696712859,0.7416428696712859,0.7416428696712859,-0.19392917369308596,0.8472241403246514,0.8472241403246514,0.8472241403246514,-0.05171444631815625,H75
S,S50,F,p.Ser50Phe,50,317,urn:mavedb:00000001-b-2,1.30862127097335,1.30862127097335,1.30862127097335,0.10905002810567732,0.8217768770517478,0.8217768770517478,0.8217768770517478,-0.0607082630691399,S50
G,G56,T,p.Gly56Thr,56,318,urn:mavedb:00000001-b-2,-0.13292101321488,-0.13292101321488,-0.13292101321488,-0.5643620011242271,-0.03110779035062997,-0.03110779035062997,-0.03110779035062997,-0.7442383361439009,G56
K,K78,R,p.Lys78Arg,78,319,urn:mavedb:00000001-b-2,1.22233323056879,1.22233323056879,1.22233323056879,0.0955593029792018,0.7198641559106091,0.7198641559106091,0.7198641559106091,-0.11186059584035968,K78
S,S50,D,p.Ser50Asp,50,320,urn:mavedb:00000001-b-2,0.33529686831030897,0.33529686831030897,0.33529686831030897,-0.4120292299044407,-0.1515475256112931,-0.1515475256112931,-0.1515475256112931,-0.7751545812254075,S50
K,K23,T,p.Lys23Thr,23,321,urn:mavedb:00000001-b-2,0.7228340068125642,0.7228340068125642,0.7228340068125642,-0.2074198988195616,0.4931535853639482,0.4931535853639482,0.4931535853639482,-0.31534569983136584,K23
I,I22,Y,p.Ile22Tyr,22,322,urn:mavedb:00000001-b-2,-0.6929885411463499,-0.6929885411463499,-0.6929885411463499,-0.8060708263069141,-0.31829935995317776,-0.31829935995317776,-0.31829935995317776,-0.8218100056211354,I22
K,K45,P,p.Lys45Pro,45,323,urn:mavedb:00000001-b-2,-0.37806777383835904,-0.37806777383835904,-0.37806777383835904,-0.6824058459808882,-0.611943264901885,-0.611943264901885,-0.611943264901885,-0.8583473861720067,K45
D,D15,F,p.Asp15Phe,15,324,urn:mavedb:00000001-b-2,0.7489627712449141,0.7489627712449141,0.7489627712449141,-0.18718381112984814,0.458872745522743,0.458872745522743,0.458872745522743,-0.35413153456998314,D15
K,K46,N,p.Lys46Asn,46,325,urn:mavedb:00000001-b-2,0.5867155165202029,0.5867155165202029,0.5867155165202029,-0.295671725688589,0.4593154540818021,0.4593154540818021,0.4593154540818021,-0.35356942102304656,K46
E,E85,T,p.Glu85Thr,85,326,urn:mavedb:00000001-b-2,0.3866611391702829,0.3866611391702829,0.3866611391702829,-0.3889825744800449,-0.20480943825176512,-0.20480943825176512,-0.20480943825176512,-0.7914558740865655,E85
Q,Q53,K,p.Gln53Lys,53,327,urn:mavedb:00000001-b-2,0.5509343040189929,0.5509343040189929,0.5509343040189929,-0.3164699269252389,0.10205464928516483,0.10205464928516483,0.10205464928516483,-0.6953344575604272,Q53
K,K78,I,p.Lys78Ile,78,328,urn:mavedb:00000001-b-2,1.02318172730677,1.02318172730677,1.02318172730677,0.016301292861158,0.5207126526485892,0.5207126526485892,0.5207126526485892,-0.28499156829679595,K78
L,L24,C,p.Leu24Cys,24,329,urn:mavedb:00000001-b-2,0.663016036662971,0.663016036662971,0.663016036662971,-0.2501405283867341,1.4164049703862371,1.4164049703862371,1.4164049703862371,0.06970207982012366,L24
E,E33,W,p.Glu33Trp,33,330,urn:mavedb:00000001-b-2,-0.648307672872519,-0.648307672872519,-0.648307672872519,-0.7982012366498032,-0.34812176486975105,-0.34812176486975105,-0.34812176486975105,-0.8257448004496908,E33
M,M82,V,p.Met82Val,82,331,urn:mavedb:00000001-b-2,-0.39074863354173,-0.39074863354173,-0.39074863354173,-0.6913996627318718,0.3946495486205111,0.3946495486205111,0.3946495486205111,-0.4789207419898819,M82
E,E83,I,p.Glu83Ile,83,332,urn:mavedb:00000001-b-2,0.964286929725926,0.964286929725926,0.964286929725926,-0.02922990444069695,0.5232671600384988,0.5232671600384988,0.5232671600384988,-0.281618887015177,E83
Q,Q94,V,p.Gln94Val,94,333,urn:mavedb:00000001-b-2,0.978683588084405,0.978683588084405,0.978683588084405,-0.015177065767284947,0.8961135296018721,0.8961135296018721,0.8961135296018721,-0.03597526700393472,Q94
N,N60,W,p.Asn60Trp,60,335,urn:mavedb:00000001-b-2,0.495409288442949,0.495409288442949,0.495409288442949,-0.34569983136593585,0.68296751365541,0.68296751365541,0.68296751365541,-0.1377178189994378,N60
V,V57,I,p.Val57Ile,57,336,urn:mavedb:00000001-b-2,1.05767773472009,1.05767773472009,1.05767773472009,0.03991006183249024,1.350549953942517,1.350549953942517,1.350549953942517,0.06183249016301296,V57
D,D15,W,p.Asp15Trp,15,337,urn:mavedb:00000001-b-2,0.033332144609981004,0.033332144609981004,0.033332144609981004,-0.5120854412591342,-0.25675788111219,-0.25675788111219,-0.25675788111219,-0.8043844856661045,D15
F,F64,A,p.Phe64Ala,64,338,urn:mavedb:00000001-b-2,-0.0347257612276224,-0.0347257612276224,-0.0347257612276224,-0.5340078695896571,0.7841959336727566,0.7841959336727566,0.7841959336727566,-0.07925801011804379,F64
K,K78,E,p.Lys78Glu,78,339,urn:mavedb:00000001-b-2,0.9541161408972728,0.9541161408972728,0.9541161408972728,-0.034851039910061776,0.45164706623909207,0.45164706623909207,0.45164706623909207,-0.3889825744800449,K78
I,I71,V,p.Ile71Val,71,340,urn:mavedb:00000001-b-2,1.11801581886751,1.11801581886751,1.11801581886751,0.06070826306914001,1.9746311475825469,1.9746311475825469,1.9746311475825469,0.10848791455874096,I71
K,K45,T,p.Lys45Thr,45,341,urn:mavedb:00000001-b-2,0.095579230678297,0.095579230678297,0.095579230678297,-0.4940978077571669,-0.1382962603852289,-0.1382962603852289,-0.1382962603852289,-0.7729061270376616,K45
K,K25,I,p.Lys25Ile,25,342,urn:mavedb:00000001-b-2,0.5660602298580151,0.5660602298580151,0.5660602298580151,-0.3086003372681282,1.1764969286659086,1.1764969286659086,1.1764969286659086,0.0365373805508713,K25
N,N74,S,p.Asn74Ser,74,343,urn:mavedb:00000001-b-2,1.04944733945638,1.04944733945638,1.04944733945638,0.033726812816188945,0.673274848664489,0.673274848664489,0.673274848664489,-0.1461495222034851,N74
H,H35,Y,p.His35Tyr,35,344,urn:mavedb:00000001-b-2,0.8448413368759051,0.8448413368759051,0.8448413368759051,-0.1096121416526138,0.6262015394768672,0.6262015394768672,0.6262015394768672,-0.17706576728499154,H35
K,K39,G,p.Lys39Gly,39,345,urn:mavedb:00000001-b-2,1.16914832523225,1.16914832523225,1.16914832523225,0.08038223721191684,1.240179863144137,1.240179863144137,1.240179863144137,0.04721753794266448,K39
K,K48,N,p.Lys48Asn,48,346,urn:mavedb:00000001-b-2,-0.31599970157004303,-0.31599970157004303,-0.31599970157004303,-0.6514896008993817,0.6640110258119061,0.6640110258119061,0.6640110258119061,-0.15514333895446875,K48
G,G28,R,p.Gly28Arg,28,347,urn:mavedb:00000001-b-2,0.747104690509323,0.747104690509323,0.747104690509323,-0.18999437886453066,1.2567346303602522,1.2567346303602522,1.2567346303602522,0.050028105677346835,G28
R,R54,A,p.Arg54Ala,54,348,urn:mavedb:00000001-b-2,-0.4052030708942101,-0.4052030708942101,-0.4052030708942101,-0.6992692523889825,-0.06835048818431111,-0.06835048818431111,-0.06835048818431111,-0.7571669477234401,R54
H,H75,N,p.His75Asn,75,349,urn:mavedb:00000001-b-2,0.981733754059391,0.981733754059391,0.981733754059391,-0.011242270938729648,1.0873150247127563,1.0873150247127563,1.0873150247127563,0.017987633501967415,H75
M,M82,G,p.Met82Gly,82,350,urn:mavedb:00000001-b-2,-0.0828465283243858,-0.0828465283243858,-0.0828465283243858,-0.5458122540753232,0.7025516538378552,0.7025516538378552,0.7025516538378552,-0.12478920741989875,M82
Q,Q94,L,p.Gln94Leu,94,351,urn:mavedb:00000001-b-2,0.996053569467002,0.996053569467002,0.996053569467002,-0.0016863406408094141,0.913483510984469,0.913483510984469,0.913483510984469,-0.029792017987633423,Q94
K,K48,P,p.Lys48Pro,48,353,urn:mavedb:00000001-b-2,-0.531341035275109,-0.531341035275109,-0.531341035275109,-0.7588532883642496,0.4486696921068401,0.4486696921068401,0.4486696921068401,-0.41427768409218657,K48
E,E49,G,p.Glu49Gly,49,354,urn:mavedb:00000001-b-2,0.183814543948287,0.183814543948287,0.183814543948287,-0.4699269252388982,0.251634965693759,0.251634965693759,0.251634965693759,-0.6082068577852726,E49
D,D86,A,p.Asp86Ala,86,355,urn:mavedb:00000001-b-2,0.7955170559416959,0.7955170559416959,0.7955170559416959,-0.15345699831365933,1.403539346474891,1.403539346474891,1.403539346474891,0.06913996627318719,D86
K,K37,R,p.Lys37Arg,37,356,urn:mavedb:00000001-b-2,1.03242433114931,1.03242433114931,1.03242433114931,0.0202360876897133,1.718260897550759,1.718260897550759,1.718260897550759,0.09836987071388427,K37
K,K45,V,p.Lys45Val,45,357,urn:mavedb:00000001-b-2,0.6855225573026179,0.6855225573026179,0.6855225573026179,-0.2366498032602585,0.45164706623909207,0.45164706623909207,0.45164706623909207,-0.3889825744800449,K45
K,K17,L,p.Lys17Leu,17,358,urn:mavedb:00000001-b-2,0.628153968727647,0.628153968727647,0.628153968727647,-0.27262507026419336,0.3721953929032609,0.3721953929032609,0.3721953929032609,-0.5109612141652613,K17
S,S32,R,p.Ser32Arg,32,359,urn:mavedb:00000001-b-2,0.8579839574165409,0.8579839574165409,0.8579839574165409,-0.09893198426082063,0.80521686574194,0.80521686574194,0.80521686574194,-0.06745362563237768,S32
T,T42,Y,p.Thr42Tyr,42,360,urn:mavedb:00000001-b-2,-0.7676001171188721,-0.7676001171188721,-0.7676001171188721,-0.8251826869027543,-0.525157229443664,-0.525157229443664,-0.525157229443664,-0.8465430016863406,T42
R,R70,I,p.Arg70Ile,70,361,urn:mavedb:00000001-b-2,0.769439819102011,0.769439819102011,0.769439819102011,-0.17481731309724555,0.3914622250836546,0.3914622250836546,0.3914622250836546,-0.4817313097245643,R70
E,E93,V,p.Glu93Val,93,362,urn:mavedb:00000001-b-2,0.5527817790446011,0.5527817790446011,0.5527817790446011,-0.3147835862844295,0.34273017640723114,0.34273017640723114,0.34273017640723114,-0.5385047779651488,E93
I,I22,M,p.Ile22Met,22,364,urn:mavedb:00000001-b-2,0.85451574091291,0.85451574091291,0.85451574091291,-0.10174255199550307,1.229204922106082,1.229204922106082,1.229204922106082,0.044969083754918586,I22
S,S31,R,p.Ser31Arg,31,366,urn:mavedb:00000001-b-2,1.0354292538947,1.0354292538947,1.0354292538947,0.023046655424395768,1.005491070518533,1.005491070518533,1.005491070518533,0.0011242270938730536,S31
E,E18,Q,p.Glu18Gln,18,367,urn:mavedb:00000001-b-2,0.8658588621642901,0.8658588621642901,0.8658588621642901,-0.09274873524451932,0.5231890028319741,0.5231890028319741,0.5231890028319741,-0.2821810005621135,E18
E,E67,F,p.Glu67Phe,67,368,urn:mavedb:00000001-b-2,1.1377347847835402,1.1377347847835402,1.1377347847835402,0.06745362563237778,1.3009412207072433,1.3009412207072433,1.3009412207072433,0.05733558178752107,E67
T,T76,A,p.Thr76Ala,76,369,urn:mavedb:00000001-b-2,-0.440818878214812,-0.440818878214812,-0.440818878214812,-0.7116357504215851,0.5623275331722349,0.5623275331722349,0.5623275331722349,-0.24283305227655985,T76
D,D73,Q,p.Asp73Gln,73,370,urn:mavedb:00000001-b-2,0.136654928224965,0.136654928224965,0.136654928224965,-0.4811691961776279,0.9857584238776452,0.9857584238776452,0.9857584238776452,-0.0044969083754917705,D73
I,I88,D,p.Ile88Asp,88,373,urn:mavedb:00000001-b-2,-0.401016433119239,-0.401016433119239,-0.401016433119239,-0.6964586846543002,0.33318187796139404,0.33318187796139404,0.33318187796139404,-0.5469364811691961,I88
H,H43,Y,p.His43Tyr,43,374,urn:mavedb:00000001-b-2,0.601515202371651,0.601515202371651,0.601515202371651,-0.28667790893760536,0.23618490378914606,0.23618490378914606,0.23618490378914606,-0.6183249016301293,H43
G,G56,R,p.Gly56Arg,56,375,urn:mavedb:00000001-b-2,0.3940373144976021,0.3940373144976021,0.3940373144976021,-0.385609893198426,0.4958505373618522,0.4958505373618522,0.4958505373618522,-0.3080382237211916,G56
I,I27,V,p.Ile27Val,27,376,urn:mavedb:00000001-b-2,0.686252884501186,0.686252884501186,0.686252884501186,-0.2355255761663856,0.9350475402164158,0.9350475402164158,0.9350475402164158,-0.018549747048903886,I27
H,H75,Y,p.His75Tyr,75,378,urn:mavedb:00000001-b-2,0.29667252992729,0.29667252992729,0.29667252992729,-0.42495784148397975,0.40225380058065546,0.40225380058065546,0.40225380058065546,-0.4721753794266441,H75
G,G68,N,p.Gly68Asn,68,379,urn:mavedb:00000001-b-2,0.22332551369599304,0.22332551369599304,0.22332551369599304,-0.4541877459246768,1.019254482985231,1.019254482985231,1.019254482985231,0.00393479482855541,G68
I,I34,Y,p.Ile34Tyr,34,380,urn:mavedb:00000001-b-2,-0.0820289520794223,-0.0820289520794223,-0.0820289520794223,-0.5452501405283867,0.4984085917316777,0.4984085917316777,0.4984085917316777,-0.3057897695334457,I34
Q,Q55,P,p.Gln55Pro,55,381,urn:mavedb:00000001-b-2,0.36648874352741295,0.36648874352741295,0.36648874352741295,-0.3985385047779652,0.037330263498365934,0.037330263498365934,0.037330263498365934,-0.7183811129848229,Q55
E,E20,H,p.Glu20His,20,382,urn:mavedb:00000001-b-2,0.5683603354797939,0.5683603354797939,0.5683603354797939,-0.3063518830803822,0.15812220096767293,0.15812220096767293,0.15812220096767293,-0.670601461495222,E20
T,T76,D,p.Thr76Asp,76,383,urn:mavedb:00000001-b-2,-0.5973737744053629,-0.5973737744053629,-0.5973737744053629,-0.7818999437886452,0.4057726369816841,0.4057726369816841,0.4057726369816841,-0.4665542439572794,T76
H,H75,W,p.His75Trp,75,384,urn:mavedb:00000001-b-2,0.23723400342842896,0.23723400342842896,0.23723400342842896,-0.44800449690837546,0.3428152740817945,0.3428152740817945,0.3428152740817945,-0.5373805508712759,H75
K,K39,D,p.Lys39Asp,39,385,urn:mavedb:00000001-b-2,-0.4154066796434721,-0.4154066796434721,-0.4154066796434721,-0.7026419336706015,-0.3443751417315851,-0.3443751417315851,-0.3443751417315851,-0.8234963462619449,K39
T,T41,V,p.Thr41Val,41,386,urn:mavedb:00000001-b-2,-1.05594893374264,-1.05594893374264,-1.05594893374264,-0.8589094997189431,-0.5425798792364361,-0.5425798792364361,-0.5425798792364361,-0.8476672287802136,T41
E,E49,R,p.Glu49Arg,49,388,urn:mavedb:00000001-b-2,1.09565687887256,1.09565687887256,1.09565687887256,0.0528386734120293,1.163477300618032,1.163477300618032,1.163477300618032,0.033726812816188945,E49
G,G56,N,p.Gly56Asn,56,390,urn:mavedb:00000001-b-2,0.6439182908093709,0.6439182908093709,0.6439182908093709,-0.2613827993254637,0.7457315136736209,0.7457315136736209,0.7457315136736209,-0.0955593029792018,G56
C,C52,S,p.Cys52Ser,52,391,urn:mavedb:00000001-b-2,0.695465308426717,0.695465308426717,0.695465308426717,-0.2254075323215289,1.523353109949657,1.523353109949657,1.523353109949657,0.08038223721191684,C52
V,V87,N,p.Val87Asn,87,392,urn:mavedb:00000001-b-2,0.6201973188471761,0.6201973188471761,0.6201973188471761,-0.27712197863968524,0.20220826387430468,0.20220826387430468,0.20220826387430468,-0.6363125351320966,V87
I,I22,T,p.Ile22Thr,22,393,urn:mavedb:00000001-b-2,1.0451169282125998,1.0451169282125998,1.0451169282125998,0.03204047217537942,1.4198061094057721,1.4198061094057721,1.4198061094057721,0.07082630691399673,I22
P,P77,T,p.Pro77Thr,77,394,urn:mavedb:00000001-b-2,-0.36398544172037295,-0.36398544172037295,-0.36398544172037295,-0.6750983698707138,0.4471311728078981,0.4471311728078981,0.4471311728078981,-0.4176503653738055,P77
L,L44,K,p.Leu44Lys,44,395,urn:mavedb:00000001-b-2,-0.216130213903754,-0.216130213903754,-0.216130213903754,-0.5952782462057336,0.564731954621642,0.564731954621642,0.564731954621642,-0.2422709387296233,L44
S,S61,R,p.Ser61Arg,61,396,urn:mavedb:00000001-b-2,0.371845352144259,0.371845352144259,0.371845352144259,-0.3957279370432827,0.4649723729173701,0.4649723729173701,0.4649723729173701,-0.3485103991006183,S61
G,G68,S,p.Gly68Ser,68,397,urn:mavedb:00000001-b-2,0.18721553135493105,0.18721553135493105,0.18721553135493105,-0.4688026981450253,0.9831445006441693,0.9831445006441693,0.9831445006441693,-0.006183249016301295,G68
V,V90,H,p.Val90His,90,398,urn:mavedb:00000001-b-2,-0.0796639465454088,-0.0796639465454088,-0.0796639465454088,-0.5441259134345138,0.5129915648363943,0.5129915648363943,0.5129915648363943,-0.2900505902192242,V90
H,H43,R,p.His43Arg,43,399,urn:mavedb:00000001-b-2,1.21046912999803,1.21046912999803,1.21046912999803,0.09443507588532883,0.8451388314155251,0.8451388314155251,0.8451388314155251,-0.052838673412029184,H43
G,G81,N,p.Gly81Asn,81,400,urn:mavedb:00000001-b-2,-0.378935449343139,-0.378935449343139,-0.378935449343139,-0.6835300730747611,-0.2883382768384459,-0.2883382768384459,-0.2883382768384459,-0.8111298482293423,G81
N,N74,P,p.Asn74Pro,74,402,urn:mavedb:00000001-b-2,0.00209573167612301,0.00209573167612301,0.00209573167612301,-0.5222034851039911,-0.3740767591157679,-0.3740767591157679,-0.3740767591157679,-0.8302417088251827,N74
Q,Q55,A,p.Gln55Ala,55,403,urn:mavedb:00000001-b-2,0.6916265942178771,0.6916265942178771,0.6916265942178771,-0.2293423271500843,0.3624681141888301,0.3624681141888301,0.3624681141888301,-0.5199550309162451,Q55
E,E85,C,p.Glu85Cys,85,404,urn:mavedb:00000001-b-2,1.08658049293278,1.08658049293278,1.08658049293278,0.050028105677346835,0.4951099155107321,0.4951099155107321,0.4951099155107321,-0.3102866779089376,E85
V,V38,I,p.Val38Ile,38,405,urn:mavedb:00000001-b-2,1.2453700082066002,1.2453700082066002,1.2453700082066002,0.0994940978077572,2.0515421205134428,2.0515421205134428,2.0515421205134428,0.11017425519955036,V38
L,L80,Q,p.Leu80Gln,80,406,urn:mavedb:00000001-b-2,-0.554024311642441,-0.554024311642441,-0.554024311642441,-0.7678471051152332,0.37717790583648303,0.37717790583648303,0.37717790583648303,-0.5047779651489601,L80
T,T95,I,p.Thr95Ile,95,408,urn:mavedb:00000001-b-2,0.953808128789067,0.953808128789067,0.953808128789067,-0.03541315345699825,0.832201381396251,0.832201381396251,0.832201381396251,-0.0567734682405846,T95
Y,Y51,K,p.Tyr51Lys,51,409,urn:mavedb:00000001-b-2,0.0044437176477084,0.0044437176477084,0.0044437176477084,-0.5205171444631815,0.7149278765880904,0.7149278765880904,0.7149278765880904,-0.11635750421585155,Y51
I,I88,C,p.Ile88Cys,88,411,urn:mavedb:00000001-b-2,-0.462138414502186,-0.462138414502186,-0.462138414502186,-0.7240022484541877,0.27205989657844704,0.27205989657844704,0.27205989657844704,-0.5924676784710511,I88
G,G56,D,p.Gly56Asp,56,412,urn:mavedb:00000001-b-2,0.484439666858904,0.484439666858904,0.484439666858904,-0.3501967397414277,0.5862528897231539,0.5862528897231539,0.5862528897231539,-0.2158516020236088,G56
S,S61,M,p.Ser61Met,61,413,urn:mavedb:00000001-b-2,0.390587833586109,0.390587833586109,0.390587833586109,-0.38785834738617203,0.48371485435921996,0.48371485435921996,0.48371485435921996,-0.326025857223159,S61
V,V26,A,p.Val26Ala,26,414,urn:mavedb:00000001-b-2,1.05152497526123,1.05152497526123,1.05152497526123,0.035413153456998366,1.5732131191259149,1.5732131191259149,1.5732131191259149,0.08375491849353578,V26
H,H35,R,p.His35Arg,35,415,urn:mavedb:00000001-b-2,0.847806127203956,0.847806127203956,0.847806127203956,-0.10905002810567732,0.6291663298049179,0.6291663298049179,0.6291663298049179,-0.17537942664418205,H35
S,S31,T,p.Ser31Thr,31,416,urn:mavedb:00000001-b-2,0.467606018779893,0.467606018779893,0.467606018779893,-0.3636874648679033,0.437667835403726,0.437667835403726,0.437667835403726,-0.4345137717818999,S31
E,E84,Q,p.Glu84Gln,84,417,urn:mavedb:00000001-b-2,1.00620566158146,1.00620566158146,1.00620566158146,0.005621135469364824,0.653229072014121,0.653229072014121,0.653229072014121,-0.1641371557054525,E84
T,T41,E,p.Thr41Glu,41,418,urn:mavedb:00000001-b-2,-0.161509399859999,-0.161509399859999,-0.161509399859999,-0.5778527262507026,0.35185965464620483,0.35185965464620483,0.35185965464620483,-0.5295109612141652,T41
Y,Y91,T,p.Tyr91Thr,91,421,urn:mavedb:00000001-b-2,-0.0495793594622821,-0.0495793594622821,-0.0495793594622821,-0.5368184373243394,0.1156851779054744,0.1156851779054744,0.1156851779054744,-0.6897133220910623,Y91
K,K17,H,p.Lys17His,17,422,urn:mavedb:00000001-b-2,0.7016261654900269,0.7016261654900269,0.7016261654900269,-0.2214727374929736,0.4456675896656408,0.4456675896656408,0.4456675896656408,-0.4215851602023608,K17
S,S50,V,p.Ser50Val,50,423,urn:mavedb:00000001-b-2,0.985162714753226,0.985162714753226,0.985162714753226,-0.008993816750983652,0.4983183208316239,0.4983183208316239,0.4983183208316239,-0.3063518830803822,S50
K,K46,Y,p.Lys46Tyr,46,424,urn:mavedb:00000001-b-2,0.81624765585662,0.81624765585662,0.81624765585662,-0.13546936481169192,0.6888475934182191,0.6888475934182191,0.6888475934182191,-0.13322091062394606,K46
Q,Q94,M,p.Gln94Met,94,425,urn:mavedb:00000001-b-2,0.735840914307149,0.735840914307149,0.735840914307149,-0.19786396852164131,0.6532708558246161,0.6532708558246161,0.6532708558246161,-0.16357504215851593,Q94
E,E33,S,p.Glu33Ser,33,426,urn:mavedb:00000001-b-2,0.406122643545831,0.406122643545831,0.406122643545831,-0.3816750983698707,0.7063085515485992,0.7063085515485992,0.7063085515485992,-0.12310286677908933,E33
S,S61,V,p.Ser61Val,61,427,urn:mavedb:00000001-b-2,-0.4016334839752351,-0.4016334839752351,-0.4016334839752351,-0.6970207982012366,-0.30850646320212405,-0.30850646320212405,-0.30850646320212405,-0.8195615514333895,S61
E,E49,P,p.Glu49Pro,49,428,urn:mavedb:00000001-b-2,-0.949863414874469,-0.949863414874469,-0.949863414874469,-0.8448566610455311,-0.882042993128997,-0.882042993128997,-0.882042993128997,-0.8746486790331647,E49
H,H35,D,p.His35Asp,35,429,urn:mavedb:00000001-b-2,0.614729336368272,0.614729336368272,0.614729336368272,-0.2799325463743676,0.3960895389692341,0.3960895389692341,0.3960895389692341,-0.4783586284429454,H35
D,D30,I,p.Asp30Ile,30,431,urn:mavedb:00000001-b-2,-0.495518863068491,-0.495518863068491,-0.495518863068491,-0.7414277684092186,-0.2529491552951115,-0.2529491552951115,-0.2529491552951115,-0.8038223721191681,D30
I,I88,S,p.Ile88Ser,88,432,urn:mavedb:00000001-b-2,-0.12798426532543306,-0.12798426532543306,-0.12798426532543306,-0.5609893198426081,0.6062140457552,0.6062140457552,0.6062140457552,-0.1944912872400224,I88
K,K25,Q,p.Lys25Gln,25,433,urn:mavedb:00000001-b-2,0.451591776543174,0.451591776543174,0.451591776543174,-0.3687464867903316,1.0620284753510676,1.0620284753510676,1.0620284753510676,0.01180438448566612,K25
G,G14,V,p.Gly14Val,14,434,urn:mavedb:00000001-b-2,0.992087881080474,0.992087881080474,0.992087881080474,-0.0044969083754917705,0.5942057079600351,0.5942057079600351,0.5942057079600351,-0.20741989881956147,G14
K,K17,V,p.Lys17Val,17,435,urn:mavedb:00000001-b-2,1.14469650882353,1.14469650882353,1.14469650882353,0.06970207982012366,0.888737932999144,0.888737932999144,0.888737932999144,-0.039347948285553665,K17
K,K48,T,p.Lys48Thr,48,436,urn:mavedb:00000001-b-2,-0.82061436735541,-0.82061436735541,-0.82061436735541,-0.8302417088251827,0.159396360026539,0.159396360026539,0.159396360026539,-0.6700393479482856,K48
G,G81,T,p.Gly81Thr,81,437,urn:mavedb:00000001-b-2,-0.8422619946833358,-0.8422619946833358,-0.8422619946833358,-0.8336143901068016,-0.7516648221786427,-0.7516648221786427,-0.7516648221786427,-0.8690275435637999,G81
L,L65,Q,p.Leu65Gln,65,438,urn:mavedb:00000001-b-2,-0.517589753318103,-0.517589753318103,-0.517589753318103,-0.7532321528948848,0.18691269477385294,0.18691269477385294,0.18691269477385294,-0.6526138279932546,L65
K,K37,S,p.Lys37Ser,37,439,urn:mavedb:00000001-b-2,-1.10087476595833,-1.10087476595833,-1.10087476595833,-0.8605958403597527,-0.4150381995568809,-0.4150381995568809,-0.4150381995568809,-0.8353007307476109,K37
E,E49,H,p.Glu49His,49,440,urn:mavedb:00000001-b-2,-0.220891091156881,-0.220891091156881,-0.220891091156881,-0.5980888139404159,-0.15307066941140898,-0.15307066941140898,-0.15307066941140898,-0.7762788083192804,E49
G,G19,H,p.Gly19His,19,441,urn:mavedb:00000001-b-2,0.695097175144342,0.695097175144342,0.695097175144342,-0.22653175941540196,0.32555615440916,0.32555615440916,0.32555615440916,-0.5519955030916245,G19
P,P58,V,p.Pro58Val,58,442,urn:mavedb:00000001-b-2,-0.7300288941730931,-0.7300288941730931,-0.7300288941730931,-0.8167509836987071,0.0858180286923299,0.0858180286923299,0.0858180286923299,-0.7026419336706013,P58
M,M59,E,p.Met59Glu,59,443,urn:mavedb:00000001-b-2,0.772549049495842,0.772549049495842,0.772549049495842,-0.1725688589094997,0.45164706623909207,0.45164706623909207,0.45164706623909207,-0.3889825744800449,M59
L,L62,I,p.Leu62Ile,62,444,urn:mavedb:00000001-b-2,1.3356223944969596,1.3356223944969596,1.3356223944969596,0.1118605958403598,1.6795943551890886,1.6795943551890886,1.6795943551890886,0.09443507588532883,L62
E,E18,S,p.Glu18Ser,18,445,urn:mavedb:00000001-b-2,0.794603700449383,0.794603700449383,0.794603700449383,-0.15514333895446875,0.451933841117067,0.451933841117067,0.451933841117067,-0.3659359190556492,E18
G,G28,L,p.Gly28Leu,28,446,urn:mavedb:00000001-b-2,-0.9467581866086632,-0.9467581866086632,-0.9467581866086632,-0.8442945474985947,-0.4371282467577339,-0.4371282467577339,-0.4371282467577339,-0.836424957841484,G28
R,R70,L,p.Arg70Leu,70,447,urn:mavedb:00000001-b-2,0.836547503817707,0.836547503817707,0.836547503817707,-0.11691961776278804,0.4585699097993506,0.4585699097993506,0.4585699097993506,-0.3546936481169196,R70
G,G97,D,p.Gly97Asp,97,448,urn:mavedb:00000001-b-2,-0.2940766245884749,-0.2940766245884749,-0.2940766245884749,-0.640247329960652,0.451647066239092,0.451647066239092,0.451647066239092,-0.40893760539629,G97
K,K25,L,p.Lys25Leu,25,449,urn:mavedb:00000001-b-2,-0.700799896738598,-0.700799896738598,-0.700799896738598,-0.8088813940415964,-0.09036319793070446,-0.09036319793070446,-0.09036319793070446,-0.7644744238336143,K25
F,F64,N,p.Phe64Asn,64,450,urn:mavedb:00000001-b-2,-1.12082856795055,-1.12082856795055,-1.12082856795055,-0.8622821810005621,-0.30190687305017105,-0.30190687305017105,-0.30190687305017105,-0.8150646430578976,F64
N,N60,D,p.Asn60Asp,60,451,urn:mavedb:00000001-b-2,0.869492690952668,0.869492690952668,0.869492690952668,-0.09050028105677344,1.0570509161651291,1.0570509161651291,1.0570509161651291,0.011242270938729648,N60
L,L47,E,p.Leu47Glu,47,452,urn:mavedb:00000001-b-2,-0.3540715797546721,-0.3540715797546721,-0.3540715797546721,-0.6700393479482856,0.38106524965567584,0.38106524965567584,0.38106524965567584,-0.4991568296795952,L47
K,K16,V,p.Lys16Val,16,453,urn:mavedb:00000001-b-2,0.7103192956561241,0.7103192956561241,0.7103192956561241,-0.2158516020236088,0.3864140796919511,0.3864140796919511,0.3864140796919511,-0.491849353569421,K16
S,S61,T,p.Ser61Thr,61,454,urn:mavedb:00000001-b-2,0.52791560543698,0.52791560543698,0.52791560543698,-0.328274311410905,0.621042626210091,0.621042626210091,0.621042626210091,-0.1815626756604833,S61
K,K25,D,p.Lys25Asp,25,455,urn:mavedb:00000001-b-2,-0.863046826321174,-0.863046826321174,-0.863046826321174,-0.8375491849353569,-0.2526101275132805,-0.2526101275132805,-0.2526101275132805,-0.8032602585722315,K25
C,C52,H,p.Cys52His,52,456,urn:mavedb:00000001-b-2,-0.107175887698541,-0.107175887698541,-0.107175887698541,-0.5525576166385611,0.7207119138243985,0.7207119138243985,0.7207119138243985,-0.1112984822934232,C52
E,E33,V,p.Glu33Val,33,457,urn:mavedb:00000001-b-2,0.616390470913707,0.616390470913707,0.616390470913707,-0.2793704328274311,0.916576378916475,0.916576378916475,0.916576378916475,-0.02866779089376048,E33
G,G81,R,p.Gly81Arg,81,458,urn:mavedb:00000001-b-2,0.3610498937343989,0.3610498937343989,0.3610498937343989,-0.4013490725126475,0.45164706623909207,0.45164706623909207,0.45164706623909207,-0.3889825744800449,G81
E,E67,Q,p.Glu67Gln,67,459,urn:mavedb:00000001-b-2,0.28844063031538897,0.28844063031538897,0.28844063031538897,-0.4288926363125351,0.45164706623909207,0.45164706623909207,0.45164706623909207,-0.3889825744800449,E67
L,L80,V,p.Leu80Val,80,460,urn:mavedb:00000001-b-2,-0.476603626976279,-0.476603626976279,-0.476603626976279,-0.7296233839235525,0.454598590502645,0.454598590502645,0.454598590502645,-0.36200112422709385,L80
S,S61,A,p.Ser61Ala,61,461,urn:mavedb:00000001-b-2,0.590289738206019,0.590289738206019,0.590289738206019,-0.2951096121416525,0.6834167589791299,0.6834167589791299,0.6834167589791299,-0.13659359190556486,S61
K,K46,R,p.Lys46Arg,46,462,urn:mavedb:00000001-b-2,0.9758474318597248,0.9758474318597248,0.9758474318597248,-0.018549747048903886,0.8484473694213239,0.8484473694213239,0.8484473694213239,-0.051152332771219784,K46
C,C52,P,p.Cys52Pro,52,463,urn:mavedb:00000001-b-2,-0.35225902282568,-0.35225902282568,-0.35225902282568,-0.6689151208544126,0.4756287786972595,0.4756287786972595,0.4756287786972595,-0.3372681281618887,C52
D,D15,G,p.Asp15Gly,15,465,urn:mavedb:00000001-b-2,0.8688542913080959,0.8688542913080959,0.8688542913080959,-0.0910623946037099,0.5787642655859249,0.5787642655859249,0.5787642655859249,-0.22203485103991005,D15
A,A72,L,p.Ala72Leu,72,466,urn:mavedb:00000001-b-2,1.01746635764825,1.01746635764825,1.01746635764825,0.012928611579539062,0.7137158651184822,0.7137158651184822,0.7137158651184822,-0.1174817313097245,A72
M,M40,F,p.Met40Phe,40,468,urn:mavedb:00000001-b-2,0.0392742785263408,0.0392742785263408,0.0392742785263408,-0.5092748735244519,-0.35533588007559713,-0.35533588007559713,-0.35533588007559713,-0.8279932546374367,M40
K,K78,A,p.Lys78Ala,78,469,urn:mavedb:00000001-b-2,0.6748133900509059,0.6748133900509059,0.6748133900509059,-0.2433951658234963,0.1723443153927251,0.1723443153927251,0.1723443153927251,-0.6627318718381112,K78
E,E84,H,p.Glu84His,84,470,urn:mavedb:00000001-b-2,-0.213392161885335,-0.213392161885335,-0.213392161885335,-0.5941540191118606,-0.5663687514526738,-0.5663687514526738,-0.5663687514526738,-0.849353569421023,E84
P,P77,G,p.Pro77Gly,77,471,urn:mavedb:00000001-b-2,-0.414659686556406,-0.414659686556406,-0.414659686556406,-0.702079820123665,0.396456927971865,0.396456927971865,0.396456927971865,-0.477796514896009,P77
E,E89,P,p.Glu89Pro,89,472,urn:mavedb:00000001-b-2,-1.02405066592102,-1.02405066592102,-1.02405066592102,-0.8560989319842608,-1.2137544721158942,-1.2137544721158942,-1.2137544721158942,-0.8819561551433389,E89
G,G81,P,p.Gly81Pro,81,473,urn:mavedb:00000001-b-2,-0.4178756980237801,-0.4178756980237801,-0.4178756980237801,-0.7054525014052838,-0.327278525519087,-0.327278525519087,-0.327278525519087,-0.8223721191680721,G81
Q,Q55,L,p.Gln55Leu,55,474,urn:mavedb:00000001-b-2,0.780805546268139,0.780805546268139,0.780805546268139,-0.16582349634626192,0.45164706623909207,0.45164706623909207,0.45164706623909207,-0.3889825744800449,Q55
V,V87,M,p.Val87Met,87,475,urn:mavedb:00000001-b-2,1.01950680917383,1.01950680917383,1.01950680917383,0.013490725126475532,0.6015177542009585,0.6015177542009585,0.6015177542009585,-0.20123664980326014,V87
E,E18,V,p.Glu18Val,18,477,urn:mavedb:00000001-b-2,0.7427334760765558,0.7427334760765558,0.7427334760765558,-0.19336706014614946,0.4000636167442399,0.4000636167442399,0.4000636167442399,-0.4738617200674536,E18
T,T95,A,p.Thr95Ala,95,478,urn:mavedb:00000001-b-2,0.872218582959197,0.872218582959197,0.872218582959197,-0.08825182686902755,0.7506118355663809,0.7506118355663809,0.7506118355663809,-0.09443507588532883,T95
E,E49,A,p.Glu49Ala,49,479,urn:mavedb:00000001-b-2,1.026379617252,1.026379617252,1.026379617252,0.017425519955030944,1.0942000389974718,1.0942000389974718,1.0942000389974718,0.020236087689713408,E49
Q,Q53,G,p.Gln53Gly,53,480,urn:mavedb:00000001-b-2,0.10440222733557697,0.10440222733557697,0.10440222733557697,-0.4907251264755481,-0.3444774273982511,-0.3444774273982511,-0.3444774273982511,-0.8240584598088814,Q53
E,E83,T,p.Glu83Thr,83,481,urn:mavedb:00000001-b-2,1.21548417726579,1.21548417726579,1.21548417726579,0.09499718943226533,0.774464407578363,0.774464407578363,0.774464407578363,-0.08206857785272625,E83
L,L62,D,p.Leu62Asp,62,482,urn:mavedb:00000001-b-2,-0.25711890064404,-0.25711890064404,-0.25711890064404,-0.6200112422709387,0.08685306004808901,0.08685306004808901,0.08685306004808901,-0.7020798201236649,L62
V,V87,F,p.Val87Phe,87,484,urn:mavedb:00000001-b-2,0.990073264736817,0.990073264736817,0.990073264736817,-0.006183249016301295,0.5720842097639456,0.5720842097639456,0.5720842097639456,-0.23383923552557614,V87
L,L24,Y,p.Leu24Tyr,24,485,urn:mavedb:00000001-b-2,-0.563490060556267,-0.563490060556267,-0.563490060556267,-0.7712197863968522,0.18989887316699894,0.18989887316699894,0.18989887316699894,-0.6503653738055086,L24
L,L80,Y,p.Leu80Tyr,80,486,urn:mavedb:00000001-b-2,0.137806741266756,0.137806741266756,0.137806741266756,-0.4800449690837549,1.06900895874568,1.06900895874568,1.06900895874568,0.01236649803260259,L80
H,H35,A,p.His35Ala,35,487,urn:mavedb:00000001-b-2,0.3642240904615471,0.3642240904615471,0.3642240904615471,-0.40022484541877457,0.14558429306250914,0.14558429306250914,0.14558429306250914,-0.6756604834176503,H35
P,P58,S,p.Pro58Ser,58,488,urn:mavedb:00000001-b-2,0.9013446922006528,0.9013446922006528,0.9013446922006528,-0.06464305789769531,1.717191615066076,1.717191615066076,1.717191615066076,0.09780775716694777,P58
N,N74,H,p.Asn74His,74,489,urn:mavedb:00000001-b-2,0.5416825757852229,0.5416825757852229,0.5416825757852229,-0.3226531759415402,0.16551008499333195,0.16551008499333195,0.16551008499333195,-0.6644182124789206,N74
A,A72,V,p.Ala72Val,72,491,urn:mavedb:00000001-b-2,0.747277164692888,0.747277164692888,0.747277164692888,-0.18943226531759416,0.44352667216312,0.44352667216312,0.44352667216312,-0.4260820685778527,A72
L,L65,T,p.Leu65Thr,65,492,urn:mavedb:00000001-b-2,0.945386303073245,0.945386303073245,0.945386303073245,-0.039347948285553665,1.6498887511652012,1.6498887511652012,1.6498887511652012,0.08993816750983707,L65
E,E33,K,p.Glu33Lys,33,493,urn:mavedb:00000001-b-2,0.475571484308114,0.475571484308114,0.475571484308114,-0.35806632939853844,0.775757392310882,0.775757392310882,0.775757392310882,-0.08150646430578967,E33
Q,Q29,N,p.Gln29Asn,29,494,urn:mavedb:00000001-b-2,1.6627015102611598,1.6627015102611598,1.6627015102611598,0.12647554806070824,1.7580716850789528,1.7580716850789528,1.7580716850789528,0.10061832490163014,Q29
S,S50,K,p.Ser50Lys,50,495,urn:mavedb:00000001-b-2,0.0910667745645981,0.0910667745645981,0.0910667745645981,-0.4952220348510399,-0.395777619357004,-0.395777619357004,-0.395777619357004,-0.8324901630129286,S50
R,R63,E,p.Arg63Glu,63,496,urn:mavedb:00000001-b-2,0.3643469731666911,0.3643469731666911,0.3643469731666911,-0.3996627318718381,0.5068212240858572,0.5068212240858572,0.5068212240858572,-0.2962338392355255,R63
E,E93,I,p.Glu93Ile,93,497,urn:mavedb:00000001-b-2,-0.250443085024791,-0.250443085024791,-0.250443085024791,-0.6155143338954469,-0.460494687662161,-0.460494687662161,-0.460494687662161,-0.8409218662169757,E93
L,L65,N,p.Leu65Asn,65,498,urn:mavedb:00000001-b-2,0.255214014420764,0.255214014420764,0.255214014420764,-0.4406970207982012,0.95971646251272,0.95971646251272,0.95971646251272,-0.011804384485666009,L65
K,K45,G,p.Lys45Gly,45,499,urn:mavedb:00000001-b-2,1.28879365513491,1.28879365513491,1.28879365513491,0.1056773468240585,1.054918164071384,1.054918164071384,1.054918164071384,0.010118043844856706,K45
E,E83,G,p.Glu83Gly,83,500,urn:mavedb:00000001-b-2,0.9356336712759828,0.9356336712759828,0.9356336712759828,-0.04440697020798201,0.4946139015885558,0.4946139015885558,0.4946139015885558,-0.3125351320966835,E83
K,K46,A,p.Lys46Ala,46,501,urn:mavedb:00000001-b-2,0.8131841890280959,0.8131841890280959,0.8131841890280959,-0.13827993254637438,0.6857841265896949,0.6857841265896949,0.6857841265896949,-0.13546936481169192,K46
R,R63,P,p.Arg63Pro,63,503,urn:mavedb:00000001-b-2,-0.7575311445753791,-0.7575311445753791,-0.7575311445753791,-0.8229342327150084,-0.6150568936562131,-0.6150568936562131,-0.6150568936562131,-0.8594716132658796,R63
L,L44,D,p.Leu44Asp,44,504,urn:mavedb:00000001-b-2,-0.236867837833584,-0.236867837833584,-0.236867837833584,-0.6087689713322091,0.543994330691812,0.543994330691812,0.543994330691812,-0.26250702641933665,L44
Y,Y91,Q,p.Tyr91Gln,91,505,urn:mavedb:00000001-b-2,0.330439221978653,0.330439221978653,0.330439221978653,-0.41427768409218657,0.4957037593464095,0.4957037593464095,0.4957037593464095,-0.3091624508150645,Y91
E,E33,C,p.Glu33Cys,33,506,urn:mavedb:00000001-b-2,-0.3403889998930361,-0.3403889998930361,-0.3403889998930361,-0.6638560989319843,-0.040203091890268106,-0.040203091890268106,-0.040203091890268106,-0.7487352445193929,E33
F,F36,P,p.Phe36Pro,36,507,urn:mavedb:00000001-b-2,-0.252502390297029,-0.252502390297029,-0.252502390297029,-0.6172006745362564,0.4944824913494191,0.4944824913494191,0.4944824913494191,-0.31309724564362,F36
G,G68,Y,p.Gly68Tyr,68,508,urn:mavedb:00000001-b-2,-0.616263009898575,-0.616263009898575,-0.616263009898575,-0.7880831928049465,0.1796659593906631,0.1796659593906631,0.1796659593906631,-0.6582349634626194,G68
P,P58,W,p.Pro58Trp,58,509,urn:mavedb:00000001-b-2,-0.823806131268902,-0.823806131268902,-0.823806131268902,-0.8313659359190556,-0.00795920840347897,-0.00795920840347897,-0.00795920840347897,-0.7346824058459809,P58
G,G96,T,p.Gly96Thr,96,510,urn:mavedb:00000001-b-2,-0.27995861880114303,-0.27995861880114303,-0.27995861880114303,-0.6312535132096684,0.485271617151301,0.485271617151301,0.485271617151301,-0.3254637436762225,G96
E,E49,Q,p.Glu49Gln,49,512,urn:mavedb:00000001-b-2,0.38382664449362,0.38382664449362,0.38382664449362,-0.3906689151208544,0.45164706623909207,0.45164706623909207,0.45164706623909207,-0.3889825744800449,E49
N,N60,V,p.Asn60Val,60,513,urn:mavedb:00000001-b-2,0.22881418892181105,0.22881418892181105,0.22881418892181105,-0.4525014052838674,0.4163724141342721,0.4163724141342721,0.4163724141342721,-0.4530635188308038,N60
Q,Q92,C,p.Gln92Cys,92,514,urn:mavedb:00000001-b-2,0.916265139794064,0.916265139794064,0.916265139794064,-0.055649241146711666,0.6172383366846069,0.6172383366846069,0.6172383366846069,-0.18549747048903875,Q92
G,G19,R,p.Gly19Arg,19,515,urn:mavedb:00000001-b-2,1.10942088720996,1.10942088720996,1.10942088720996,0.05733558178752107,0.7398798664747779,0.7398798664747779,0.7398798664747779,-0.09836987071388414,G19
K,K23,I,p.Lys23Ile,23,516,urn:mavedb:00000001-b-2,0.9001298920035691,0.9001298920035691,0.9001298920035691,-0.06632939853850472,0.6704494705549531,0.6704494705549531,0.6704494705549531,-0.15120854412591336,K23
Y,Y51,D,p.Tyr51Asp,51,518,urn:mavedb:00000001-b-2,-0.21777144742430105,-0.21777144742430105,-0.21777144742430105,-0.596964586846543,0.492712711516081,0.492712711516081,0.492712711516081,-0.3159078133783023,Y51
Y,Y21,S,p.Tyr21Ser,21,519,urn:mavedb:00000001-b-2,0.8264222826250501,0.8264222826250501,0.8264222826250501,-0.12703766160764474,0.5664417125207417,0.5664417125207417,0.5664417125207417,-0.2411467116357504,Y21
Y,Y21,V,p.Tyr21Val,21,520,urn:mavedb:00000001-b-2,0.566979372072344,0.566979372072344,0.566979372072344,-0.30747611017425514,0.30699880196803553,0.30699880196803553,0.30699880196803553,-0.5649241146711635,Y21
T,T42,M,p.Thr42Met,42,521,urn:mavedb:00000001-b-2,0.430149278979465,0.430149278979465,0.430149278979465,-0.3766160764474424,0.6725921666546729,0.6725921666546729,0.6725921666546729,-0.1478358628442945,T42
K,K37,G,p.Lys37Gly,37,522,urn:mavedb:00000001-b-2,-0.177952787420922,-0.177952787420922,-0.177952787420922,-0.582911748173131,0.5078837789805271,0.5078837789805271,0.5078837789805271,-0.2945474985947161,K37
A,A72,Q,p.Ala72Gln,72,523,urn:mavedb:00000001-b-2,0.298846084437151,0.298846084437151,0.298846084437151,-0.4227093872962338,-0.004904408092616941,-0.004904408092616941,-0.004904408092616941,-0.7329960652051715,A72
Q,Q55,D,p.Gln55Asp,55,524,urn:mavedb:00000001-b-2,0.5742594922325021,0.5742594922325021,0.5742594922325021,-0.3024170882518269,0.24510101220345504,0.24510101220345504,0.24510101220345504,-0.6132658797077009,Q55
K,K48,I,p.Lys48Ile,48,525,urn:mavedb:00000001-b-2,0.0257569423566733,0.0257569423566733,0.0257569423566733,-0.5148960089938167,1.0057676697386224,1.0057676697386224,1.0057676697386224,0.0022484541877459967,K48
N,N74,L,p.Asn74Leu,74,526,urn:mavedb:00000001-b-2,0.9344163395970772,0.9344163395970772,0.9344163395970772,-0.04496908375491848,0.5582438488051862,0.5582438488051862,0.5582438488051862,-0.24789207419898815,N74
E,E83,A,p.Glu83Ala,83,527,urn:mavedb:00000001-b-2,1.10914838150593,1.10914838150593,1.10914838150593,0.0567734682405846,0.6681286118185029,0.6681286118185029,0.6681286118185029,-0.15289488476672286,E83
Y,Y91,V,p.Tyr91Val,91,528,urn:mavedb:00000001-b-2,1.05123411512179,1.05123411512179,1.05123411512179,0.03485103991006189,1.2164986524895465,1.2164986524895465,1.2164986524895465,0.04159640247329965,Y91
M,M59,T,p.Met59Thr,59,529,urn:mavedb:00000001-b-2,1.05296202077494,1.05296202077494,1.05296202077494,0.0365373805508713,0.7320600375181899,0.7320600375181899,0.7320600375181899,-0.10511523327712192,M59
K,K78,S,p.Lys78Ser,78,530,urn:mavedb:00000001-b-2,1.15769251276646,1.15769251276646,1.15769251276646,0.07251264755480613,0.6552234381082793,0.6552234381082793,0.6552234381082793,-0.16132658797077004,K78
D,D15,H,p.Asp15His,15,531,urn:mavedb:00000001-b-2,1.04663638187634,1.04663638187634,1.04663638187634,0.032602585722315884,0.756546356154169,0.756546356154169,0.756546356154169,-0.09162450815064638,D15
S,S31,C,p.Ser31Cys,31,532,urn:mavedb:00000001-b-2,0.6049036632647621,0.6049036632647621,0.6049036632647621,-0.2844294547498595,0.5749654798885951,0.5749654798885951,0.5749654798885951,-0.2293423271500843,S31
C,C52,A,p.Cys52Ala,52,533,urn:mavedb:00000001-b-2,-0.6593963020256121,-0.6593963020256121,-0.6593963020256121,-0.8010118043844856,0.16849149949732745,0.16849149949732745,0.16849149949732745,-0.6632939853850477,C52
R,R70,F,p.Arg70Phe,70,534,urn:mavedb:00000001-b-2,-0.06536584468310999,-0.06536584468310999,-0.06536584468310999,-0.5413153456998314,-0.4433434387014664,-0.4433434387014664,-0.4433434387014664,-0.8397976391231028,R70
V,V26,L,p.Val26Leu,26,535,urn:mavedb:00000001-b-2,1.4881069216055602,1.4881069216055602,1.4881069216055602,0.12197863968521637,2.0097950654702452,2.0097950654702452,2.0097950654702452,0.1096121416526139,V26
V,V90,G,p.Val90Gly,90,536,urn:mavedb:00000001-b-2,-0.141008445142711,-0.141008445142711,-0.141008445142711,-0.5694210230466554,0.4516470662390921,0.4516470662390921,0.4516470662390921,-0.3687464867903316,V90
E,E49,M,p.Glu49Met,49,537,urn:mavedb:00000001-b-2,0.636408672976431,0.636408672976431,0.636408672976431,-0.2658797077009556,0.7042290947219029,0.7042290947219029,0.7042290947219029,-0.12422709387296227,E49
T,T42,R,p.Thr42Arg,42,538,urn:mavedb:00000001-b-2,-0.0317848777540868,-0.0317848777540868,-0.0317848777540868,-0.5323215289488477,0.21065800992112124,0.21065800992112124,0.21065800992112124,-0.6318156267566049,T42
S,S61,N,p.Ser61Asn,61,539,urn:mavedb:00000001-b-2,-0.323253793910395,-0.323253793910395,-0.323253793910395,-0.6537380550871276,-0.230126773137284,-0.230126773137284,-0.230126773137284,-0.8004496908375491,S61
N,N60,T,p.Asn60Thr,60,540,urn:mavedb:00000001-b-2,0.0936819753250954,0.0936819753250954,0.0936819753250954,-0.4946599213041034,0.2812402005375564,0.2812402005375564,0.2812402005375564,-0.582911748173131,N60
D,D15,S,p.Asp15Ser,15,541,urn:mavedb:00000001-b-2,0.607069440058163,0.607069440058163,0.607069440058163,-0.283867341202923,0.316979414335992,0.316979414335992,0.316979414335992,-0.5581787521079258,D15
K,K45,H,p.Lys45His,45,542,urn:mavedb:00000001-b-2,0.714947966625188,0.714947966625188,0.714947966625188,-0.2130410342889263,0.4810724755616621,0.4810724755616621,0.4810724755616621,-0.3310848791455874,K45
R,R54,P,p.Arg54Pro,54,543,urn:mavedb:00000001-b-2,-0.8090289610365858,-0.8090289610365858,-0.8090289610365858,-0.8291174817313097,-0.4721763783266869,-0.4721763783266869,-0.4721763783266869,-0.8420460933108488,R54
H,H43,S,p.His43Ser,43,544,urn:mavedb:00000001-b-2,0.511919936908423,0.511919936908423,0.511919936908423,-0.3383923552557616,0.14658963832591798,0.14658963832591798,0.14658963832591798,-0.6750983698707138,H43
F,F64,H,p.Phe64His,64,545,urn:mavedb:00000001-b-2,0.47405583090321,0.47405583090321,0.47405583090321,-0.359752670039348,1.2929775258035892,1.2929775258035892,1.2929775258035892,0.055649241146711666,F64
E,E89,W,p.Glu89Trp,89,546,urn:mavedb:00000001-b-2,1.18552450536299,1.18552450536299,1.18552450536299,0.08656548622821814,0.995820699168116,0.995820699168116,0.995820699168116,-0.0011242270938729426,E89
K,K48,A,p.Lys48Ala,48,547,urn:mavedb:00000001-b-2,-0.477324898299993,-0.477324898299993,-0.477324898299993,-0.730185497470489,0.502685829081956,0.502685829081956,0.502685829081956,-0.30073074761101737,K48
E,E85,R,p.Glu85Arg,85,548,urn:mavedb:00000001-b-2,1.04311764366114,1.04311764366114,1.04311764366114,0.030354131534570006,0.45164706623909207,0.45164706623909207,0.45164706623909207,-0.3889825744800449,E85
D,D73,N,p.Asp73Asn,73,549,urn:mavedb:00000001-b-2,-0.105053571057677,-0.105053571057677,-0.105053571057677,-0.550309162450815,0.7440499245950031,0.7440499245950031,0.7440499245950031,-0.09668353007307473,D73
H,H35,K,p.His35Lys,35,550,urn:mavedb:00000001-b-2,0.763369934472653,0.763369934472653,0.763369934472653,-0.17875210792580098,0.5447301370736151,0.5447301370736151,0.5447301370736151,-0.2613827993254637,H35
K,K23,E,p.Lys23Glu,23,551,urn:mavedb:00000001-b-2,0.6881647010267969,0.6881647010267969,0.6881647010267969,-0.23383923552557614,0.458484279578181,0.458484279578181,0.458484279578181,-0.3552557616638561,K23
H,H43,E,p.His43Glu,43,552,urn:mavedb:00000001-b-2,0.924281559465141,0.924281559465141,0.924281559465141,-0.04946599213041036,0.558951260882636,0.558951260882636,0.558951260882636,-0.2473299606520517,H43
T,T42,S,p.Thr42Ser,42,553,urn:mavedb:00000001-b-2,0.584734360253254,0.584734360253254,0.584734360253254,-0.2967959527824621,0.827177247928462,0.827177247928462,0.827177247928462,-0.05902192242833049,T42
L,L65,F,p.Leu65Phe,65,555,urn:mavedb:00000001-b-2,0.557081615963023,0.557081615963023,0.557081615963023,-0.3114109050028105,1.261584064054979,1.261584064054979,1.261584064054979,0.05227655986509283,L65
Y,Y21,C,p.Tyr21Cys,21,557,urn:mavedb:00000001-b-2,0.939505630354715,0.939505630354715,0.939505630354715,-0.041596402473299536,0.6795250602504066,0.6795250602504066,0.6795250602504066,-0.13940415964024733,Y21
K,K48,R,p.Lys48Arg,48,558,urn:mavedb:00000001-b-2,-0.568964481993322,-0.568964481993322,-0.568964481993322,-0.7734682405845981,0.4110462453886271,0.4110462453886271,0.4110462453886271,-0.461495222034851,K48
F,F36,W,p.Phe36Trp,36,559,urn:mavedb:00000001-b-2,-0.769142025675095,-0.769142025675095,-0.769142025675095,-0.8257448004496908,-0.02215714402864699,-0.02215714402864699,-0.02215714402864699,-0.7397414277684091,F36
V,V38,L,p.Val38Leu,38,560,urn:mavedb:00000001-b-2,0.849393146379955,0.849393146379955,0.849393146379955,-0.10792580101180438,1.6555652586867975,1.6555652586867975,1.6555652586867975,0.09106239460371003,V38
M,M40,Q,p.Met40Gln,40,561,urn:mavedb:00000001-b-2,-0.33173043793155393,-0.33173043793155393,-0.33173043793155393,-0.6593591905564924,-0.7263405965334919,-0.7263405965334919,-0.7263405965334919,-0.8667790893760541,M40
E,E83,C,p.Glu83Cys,83,562,urn:mavedb:00000001-b-2,0.6318326328911321,0.6318326328911321,0.6318326328911321,-0.2692523889825744,0.19081286320370505,0.19081286320370505,0.19081286320370505,-0.6492411467116357,E83
D,D86,P,p.Asp86Pro,86,563,urn:mavedb:00000001-b-2,-0.14837363640546,-0.14837363640546,-0.14837363640546,-0.5722315907813378,0.4596486541277355,0.4596486541277355,0.4596486541277355,-0.3530073074761101,D86
K,K39,W,p.Lys39Trp,39,564,urn:mavedb:00000001-b-2,0.601974999958525,0.601974999958525,0.601974999958525,-0.2861157953906689,0.673006537870412,0.673006537870412,0.673006537870412,-0.14727374929735804,K39
G,G19,W,p.Gly19Trp,19,565,urn:mavedb:00000001-b-2,0.544683255000957,0.544683255000957,0.544683255000957,-0.3204047217537942,0.17514223426577502,0.17514223426577502,0.17514223426577502,-0.6604834176503653,G19
K,K39,R,p.Lys39Arg,39,566,urn:mavedb:00000001-b-2,0.79382991083565,0.79382991083565,0.79382991083565,-0.15682967959527827,0.864861448747537,0.864861448747537,0.864861448747537,-0.046093310848791424,K39
E,E89,H,p.Glu89His,89,567,urn:mavedb:00000001-b-2,-0.172898301497403,-0.172898301497403,-0.172898301497403,-0.5801011804384486,-0.3626021076922771,-0.3626021076922771,-0.3626021076922771,-0.8291174817313097,E89
N,N60,I,p.Asn60Ile,60,568,urn:mavedb:00000001-b-2,-0.26370975361438503,-0.26370975361438503,-0.26370975361438503,-0.6233839235525576,-0.07615152840192403,-0.07615152840192403,-0.07615152840192403,-0.7605396290050591,N60
V,V57,T,p.Val57Thr,57,569,urn:mavedb:00000001-b-2,-0.243919650300501,-0.243919650300501,-0.243919650300501,-0.6132658797077009,0.04895256892192601,0.04895256892192601,0.04895256892192601,-0.7150084317032039,V57
L,L24,S,p.Leu24Ser,24,571,urn:mavedb:00000001-b-2,-0.719961153489516,-0.719961153489516,-0.719961153489516,-0.8128161888701517,0.03342778023375004,0.03342778023375004,0.03342778023375004,-0.7217537942664418,L24
D,D73,P,p.Asp73Pro,73,572,urn:mavedb:00000001-b-2,-0.6351786463948089,-0.6351786463948089,-0.6351786463948089,-0.7942664418212478,0.21392484925787114,0.21392484925787114,0.21392484925787114,-0.6306913996627318,D73
K,K46,L,p.Lys46Leu,46,573,urn:mavedb:00000001-b-2,0.5790471286774929,0.5790471286774929,0.5790471286774929,-0.30073074761101737,0.45164706623909207,0.45164706623909207,0.45164706623909207,-0.3889825744800449,K46
D,D30,A,p.Asp30Ala,30,575,urn:mavedb:00000001-b-2,0.8932247347386428,0.8932247347386428,0.8932247347386428,-0.06970207982012366,1.1357944425120223,1.1357944425120223,1.1357944425120223,0.028667790893760595,D30
D,D30,H,p.Asp30His,30,576,urn:mavedb:00000001-b-2,0.394071826346426,0.394071826346426,0.394071826346426,-0.3850477796514896,0.6366415341198055,0.6366415341198055,0.6366415341198055,-0.17144463181562675,D30
T,T95,L,p.Thr95Leu,95,577,urn:mavedb:00000001-b-2,1.00686389727333,1.00686389727333,1.00686389727333,0.006745362563237768,0.885257149880514,0.885257149880514,0.885257149880514,-0.0404721753794266,T95
G,G19,D,p.Gly19Asp,19,578,urn:mavedb:00000001-b-2,0.821188086974274,0.821188086974274,0.821188086974274,-0.13153456998313662,0.45164706623909207,0.45164706623909207,0.45164706623909207,-0.3889825744800449,G19
K,K48,D,p.Lys48Asp,48,579,urn:mavedb:00000001-b-2,-0.506330133161086,-0.506330133161086,-0.506330133161086,-0.7459246767847105,0.4736805942208631,0.4736805942208631,0.4736805942208631,-0.3395165823496345,K48
K,K46,T,p.Lys46Thr,46,580,urn:mavedb:00000001-b-2,0.44077200086865903,0.44077200086865903,0.44077200086865903,-0.3732433951658235,0.3133719384302582,0.3133719384302582,0.3133719384302582,-0.5604272062956717,K46
G,G19,T,p.Gly19Thr,19,581,urn:mavedb:00000001-b-2,1.16105730040616,1.16105730040616,1.16105730040616,0.0770095559302979,0.7915162796709779,0.7915162796709779,0.7915162796709779,-0.07419898819561542,G19
E,E33,H,p.Glu33His,33,582,urn:mavedb:00000001-b-2,-0.388295918734855,-0.388295918734855,-0.388295918734855,-0.6885890949971893,-0.08811001073208696,-0.08811001073208696,-0.08811001073208696,-0.7639123102866778,E33
L,L24,N,p.Leu24Asn,24,583,urn:mavedb:00000001-b-2,-0.301741867484174,-0.301741867484174,-0.301741867484174,-0.643620011242271,0.45164706623909207,0.45164706623909207,0.45164706623909207,-0.3889825744800449,L24
Q,Q55,H,p.Gln55His,55,584,urn:mavedb:00000001-b-2,0.598924627534664,0.598924627534664,0.598924627534664,-0.28948847667228783,0.269766147505617,0.269766147505617,0.269766147505617,-0.5952782462057336,Q55
Y,Y91,G,p.Tyr91Gly,91,585,urn:mavedb:00000001-b-2,0.0365888572980902,0.0365888572980902,0.0365888572980902,-0.5109612141652613,0.20185339466584667,0.20185339466584667,0.20185339466584667,-0.6368746486790331,Y91
M,M40,I,p.Met40Ile,40,586,urn:mavedb:00000001-b-2,0.9688680384461192,0.9688680384461192,0.9688680384461192,-0.0264193367060146,0.5742578798441813,0.5742578798441813,0.5742578798441813,-0.23046655424395726,M40
Y,Y51,L,p.Tyr51Leu,51,587,urn:mavedb:00000001-b-2,-0.627352726599033,-0.627352726599033,-0.627352726599033,-0.7925801011804384,0.08313143234134912,0.08313143234134912,0.08313143234134912,-0.7043282743114109,Y51
E,E18,F,p.Glu18Phe,18,588,urn:mavedb:00000001-b-2,0.745363896933979,0.745363896933979,0.745363896933979,-0.192804946599213,0.40269403760166295,0.40269403760166295,0.40269403760166295,-0.4710511523327712,E18
E,E67,R,p.Glu67Arg,67,589,urn:mavedb:00000001-b-2,-0.27672001407596003,-0.27672001407596003,-0.27672001407596003,-0.6290050590219224,-0.113513578152257,-0.113513578152257,-0.113513578152257,-0.7700955593029791,E67
C,C52,F,p.Cys52Phe,52,592,urn:mavedb:00000001-b-2,-0.436020939291468,-0.436020939291468,-0.436020939291468,-0.7105115233277122,0.3918668622314716,0.3918668622314716,0.3918668622314716,-0.4811691961776278,C52
K,K25,G,p.Lys25Gly,25,593,urn:mavedb:00000001-b-2,-0.4917528443167039,-0.4917528443167039,-0.4917528443167039,-0.7386172006745362,0.11868385449118962,0.11868385449118962,0.11868385449118962,-0.6885890949971893,K25
K,K16,L,p.Lys16Leu,16,594,urn:mavedb:00000001-b-2,0.71361735520642,0.71361735520642,0.71361735520642,-0.21416526138279932,0.38971213924224707,0.38971213924224707,0.38971213924224707,-0.4845418774592467,K16
E,E84,V,p.Glu84Val,84,596,urn:mavedb:00000001-b-2,0.598978074501818,0.598978074501818,0.598978074501818,-0.28892636312535125,0.24600148493447904,0.24600148493447904,0.24600148493447904,-0.6127037661607644,E84
N,N60,F,p.Asn60Phe,60,597,urn:mavedb:00000001-b-2,0.307607091791083,0.307607091791083,0.307607091791083,-0.4210230466554244,0.495165317003544,0.495165317003544,0.495165317003544,-0.30972456436200113,N60
G,G19,S,p.Gly19Ser,19,598,urn:mavedb:00000001-b-2,0.7585314728909691,0.7585314728909691,0.7585314728909691,-0.18100056211354687,0.3889904521557871,0.3889904521557871,0.3889904521557871,-0.4867903316469927,G19
I,I88,L,p.Ile88Leu,88,599,urn:mavedb:00000001-b-2,0.391843994230938,0.391843994230938,0.391843994230938,-0.3872962338392355,1.1260423053115711,1.1260423053115711,1.1260423053115711,0.02641933670601471,I88
K,K23,V,p.Lys23Val,23,600,urn:mavedb:00000001-b-2,0.912780616149014,0.912780616149014,0.912780616149014,-0.058459808881394015,0.6831001947003981,0.6831001947003981,0.6831001947003981,-0.13715570545250133,K23
G,G56,C,p.Gly56Cys,56,601,urn:mavedb:00000001-b-2,0.187545497585842,0.187545497585842,0.187545497585842,-0.4682405845980888,0.28935872045009203,0.28935872045009203,0.28935872045009203,-0.5784148397976391,G56
N,N74,K,p.Asn74Lys,74,602,urn:mavedb:00000001-b-2,1.00075241559071,1.00075241559071,1.00075241559071,0.0011242270938729426,0.624579924798819,0.624579924798819,0.624579924798819,-0.17987633501967393,N74
E,E33,T,p.Glu33Thr,33,604,urn:mavedb:00000001-b-2,-0.994987489426068,-0.994987489426068,-0.994987489426068,-0.8527262507026419,-0.6948015814233001,-0.6948015814233001,-0.6948015814233001,-0.863406408094435,E33
E,E93,S,p.Glu93Ser,93,605,urn:mavedb:00000001-b-2,0.71490958878045,0.71490958878045,0.71490958878045,-0.21360314783586287,0.50485798614308,0.50485798614308,0.50485798614308,-0.2984822934232715,E93
N,N74,A,p.Asn74Ala,74,606,urn:mavedb:00000001-b-2,0.755528861399497,0.755528861399497,0.755528861399497,-0.18324901630129287,0.3793563706076061,0.3793563706076061,0.3793563706076061,-0.5008431703204046,N74
L,L44,Y,p.Leu44Tyr,44,607,urn:mavedb:00000001-b-2,0.13383286447234302,0.13383286447234302,0.13383286447234302,-0.4817313097245644,0.914695032997739,0.914695032997739,0.914695032997739,-0.02922990444069695,L44
T,T76,I,p.Thr76Ile,76,609,urn:mavedb:00000001-b-2,-0.6342737983125321,-0.6342737983125321,-0.6342737983125321,-0.7937043282743114,0.3688726130745149,0.3688726130745149,0.3688726130745149,-0.5132096683530072,T76
N,N74,E,p.Asn74Glu,74,610,urn:mavedb:00000001-b-2,0.705311681834899,0.705311681834899,0.705311681834899,-0.21810005621135464,0.32913919104300804,0.32913919104300804,0.32913919104300804,-0.550309162450815,N74
A,A72,T,p.Ala72Thr,72,611,urn:mavedb:00000001-b-2,1.1172774938861,1.1172774938861,1.1172774938861,0.06014614952220354,0.8135270013563322,0.8135270013563322,0.8135270013563322,-0.06576728499156825,A72
G,G14,S,p.Gly14Ser,14,612,urn:mavedb:00000001-b-2,0.524414672180048,0.524414672180048,0.524414672180048,-0.33164699269252385,0.12653249905960906,0.12653249905960906,0.12653249905960906,-0.6857785272625071,G14
V,V26,W,p.Val26Trp,26,613,urn:mavedb:00000001-b-2,-0.465904840268989,-0.465904840268989,-0.465904840268989,-0.7251264755480606,0.05578330359569567,0.05578330359569567,0.05578330359569567,-0.712759977515458,V26
P,P77,L,p.Pro77Leu,77,614,urn:mavedb:00000001-b-2,-0.5708021936752979,-0.5708021936752979,-0.5708021936752979,-0.7740303541315345,0.24031442085297305,0.24031442085297305,0.24031442085297305,-0.6160764474423833,P77
K,K25,E,p.Lys25Glu,25,615,urn:mavedb:00000001-b-2,-0.15829088912608,-0.15829088912608,-0.15829088912608,-0.5761663856098932,0.4521458096818135,0.4521458096818135,0.4521458096818135,-0.3653738055087127,K25
H,H35,L,p.His35Leu,35,616,urn:mavedb:00000001-b-2,0.58164568223318,0.58164568223318,0.58164568223318,-0.2996065205171444,0.3630058848341421,0.3630058848341421,0.3630058848341421,-0.5182686902754357,H35
V,V57,H,p.Val57His,57,617,urn:mavedb:00000001-b-2,-0.568742806777889,-0.568742806777889,-0.568742806777889,-0.7723440134907251,-0.27587058755546195,-0.27587058755546195,-0.27587058755546195,-0.8077571669477234,V57
C,C52,W,p.Cys52Trp,52,619,urn:mavedb:00000001-b-2,-0.238722076171755,-0.238722076171755,-0.238722076171755,-0.6104553119730185,0.5891657253511845,0.5891657253511845,0.5891657253511845,-0.2136031478358628,C52
E,E18,T,p.Glu18Thr,18,620,urn:mavedb:00000001-b-2,0.583532165525005,0.583532165525005,0.583532165525005,-0.29792017987633507,0.24086230619268897,0.24086230619268897,0.24086230619268897,-0.6155143338954469,E18
E,E49,V,p.Glu49Val,49,621,urn:mavedb:00000001-b-2,0.549590104287533,0.549590104287533,0.549590104287533,-0.3181562675660483,0.617410526033005,0.617410526033005,0.617410526033005,-0.18381112984822934,E49
K,K45,I,p.Lys45Ile,45,622,urn:mavedb:00000001-b-2,1.00460113581997,1.00460113581997,1.00460113581997,0.00393479482855541,0.7707256447564441,0.7707256447564441,0.7707256447564441,-0.08487914558740861,K45
E,E93,Q,p.Glu93Gln,93,623,urn:mavedb:00000001-b-2,0.7834260651952359,0.7834260651952359,0.7834260651952359,-0.16301292861157954,0.573374462557866,0.573374462557866,0.573374462557866,-0.23159078133783015,E93
G,G14,F,p.Gly14Phe,14,624,urn:mavedb:00000001-b-2,1.09819339656581,1.09819339656581,1.09819339656581,0.05396290050590225,0.7003112234453709,0.7003112234453709,0.7003112234453709,-0.12703766160764474,G14
A,A72,R,p.Ala72Arg,72,627,urn:mavedb:00000001-b-2,0.8360682962313849,0.8360682962313849,0.8360682962313849,-0.1174817313097245,0.532317803701617,0.532317803701617,0.532317803701617,-0.2720629567172569,A72
F,F36,M,p.Phe36Met,36,628,urn:mavedb:00000001-b-2,-1.01844790500611,-1.01844790500611,-1.01844790500611,-0.8555368184373243,-0.2714630233596619,-0.2714630233596619,-0.2714630233596619,-0.8071950534007869,F36
Q,Q94,C,p.Gln94Cys,94,629,urn:mavedb:00000001-b-2,0.74636370332215,0.74636370332215,0.74636370332215,-0.19224283305227646,0.6637936448396171,0.6637936448396171,0.6637936448396171,-0.15570545250140522,Q94
F,F64,L,p.Phe64Leu,64,630,urn:mavedb:00000001-b-2,-0.0272917299112683,-0.0272917299112683,-0.0272917299112683,-0.5306351883080382,0.7916299649891108,0.7916299649891108,0.7916299649891108,-0.07363687464867896,F64
A,A72,S,p.Ala72Ser,72,631,urn:mavedb:00000001-b-2,1.12573671804901,1.12573671804901,1.12573671804901,0.06408094435075884,0.8219862255192422,0.8219862255192422,0.8219862255192422,-0.06014614952220342,A72
G,G19,F,p.Gly19Phe,19,632,urn:mavedb:00000001-b-2,1.35547761184403,1.35547761184403,1.35547761184403,0.11410905002810567,0.985936591108848,0.985936591108848,0.985936591108848,-0.003934794828555299,G19
M,M82,W,p.Met82Trp,82,634,urn:mavedb:00000001-b-2,-0.327226750592633,-0.327226750592633,-0.327226750592633,-0.655424395727937,0.458171431569608,0.458171431569608,0.458171431569608,-0.357504215851602,M82
R,R70,G,p.Arg70Gly,70,635,urn:mavedb:00000001-b-2,0.9063665837469028,0.9063665837469028,0.9063665837469028,-0.0607082630691399,0.5283889897285464,0.5283889897285464,0.5283889897285464,-0.2759977515458122,R70
L,L65,I,p.Leu65Ile,65,636,urn:mavedb:00000001-b-2,0.7553194846933129,0.7553194846933129,0.7553194846933129,-0.1843732433951658,1.4598219327852688,1.4598219327852688,1.4598219327852688,0.07644744238336143,L65
P,P77,W,p.Pro77Trp,77,637,urn:mavedb:00000001-b-2,-1.07072303505558,-1.07072303505558,-1.07072303505558,-0.8594716132658797,-0.2596064205273091,-0.2596064205273091,-0.2596064205273091,-0.8049465992130409,P77
S,S50,I,p.Ser50Ile,50,639,urn:mavedb:00000001-b-2,1.3022900091477,1.3022900091477,1.3022900091477,0.10792580101180438,0.8154456152260978,0.8154456152260978,0.8154456152260978,-0.06464305789769531,S50
L,L80,P,p.Leu80Pro,80,640,urn:mavedb:00000001-b-2,-0.548341800327826,-0.548341800327826,-0.548341800327826,-0.7650365373805509,0.3828604171510981,0.3828604171510981,0.3828604171510981,-0.4963462619449128,L80
Q,Q53,T,p.Gln53Thr,53,642,urn:mavedb:00000001-b-2,1.19594653271136,1.19594653271136,1.19594653271136,0.08825182686902755,0.747066877977532,0.747066877977532,0.747066877977532,-0.09499718943226533,Q53
H,H43,D,p.His43Asp,43,643,urn:mavedb:00000001-b-2,0.8252054169040041,0.8252054169040041,0.8252054169040041,-0.1275997751545812,0.4598751183214991,0.4598751183214991,0.4598751183214991,-0.35188308038223715,H43
G,G97,A,p.Gly97Ala,97,645,urn:mavedb:00000001-b-2,-0.18447833580920608,-0.18447833580920608,-0.18447833580920608,-0.5857223159078133,0.5612453550183607,0.5612453550183607,0.5612453550183607,-0.2450815064643057,G97
K,K48,L,p.Lys48Leu,48,647,urn:mavedb:00000001-b-2,-0.335623253107345,-0.335623253107345,-0.335623253107345,-0.6610455311973018,0.6443874742746041,0.6443874742746041,0.6443874742746041,-0.1680719505340078,K48
E,E89,Y,p.Glu89Tyr,89,648,urn:mavedb:00000001-b-2,1.06176643641205,1.06176643641205,1.06176643641205,0.042158516020236125,0.8720626302171759,0.8720626302171759,0.8720626302171759,-0.04384485666104554,E89
K,K25,Y,p.Lys25Tyr,25,649,urn:mavedb:00000001-b-2,-0.417328161982406,-0.417328161982406,-0.417328161982406,-0.7048903878583473,0.1931085368254875,0.1931085368254875,0.1931085368254875,-0.6447442383361439,K25
K,K78,Y,p.Lys78Tyr,78,650,urn:mavedb:00000001-b-2,1.29018400726831,1.29018400726831,1.29018400726831,0.10623946037099496,0.7877149326101291,0.7877149326101291,0.7877149326101291,-0.07588532883642496,K78
K,K37,I,p.Lys37Ile,37,652,urn:mavedb:00000001-b-2,-0.48763250718518,-0.48763250718518,-0.48763250718518,-0.7358066329398538,0.198204059216269,0.198204059216269,0.198204059216269,-0.6408094435075885,K37
G,G81,Q,p.Gly81Gln,81,653,urn:mavedb:00000001-b-2,0.842225752306384,0.842225752306384,0.842225752306384,-0.11298482293423273,0.9328229248110772,0.9328229248110772,0.9328229248110772,-0.020798201236649768,G81
M,M82,R,p.Met82Arg,82,654,urn:mavedb:00000001-b-2,-0.218226547108172,-0.218226547108172,-0.218226547108172,-0.5975267003934794,0.567171635054069,0.567171635054069,0.567171635054069,-0.2394603709949409,M82
Q,Q92,T,p.Gln92Thr,92,655,urn:mavedb:00000001-b-2,0.8556450008824691,0.8556450008824691,0.8556450008824691,-0.1011804384485666,0.556618197773012,0.556618197773012,0.556618197773012,-0.2518268690275435,Q92
L,L80,T,p.Leu80Thr,80,656,urn:mavedb:00000001-b-2,-1.20176832868143,-1.20176832868143,-1.20176832868143,-0.8645306351883079,-0.27056611120250595,-0.27056611120250595,-0.27056611120250595,-0.8066329398538504,L80
G,G81,D,p.Gly81Asp,81,658,urn:mavedb:00000001-b-2,0.162458054148019,0.162458054148019,0.162458054148019,-0.4755480607082631,0.2530552266527121,0.2530552266527121,0.2530552266527121,-0.6053962900505901,G81
E,E89,Q,p.Glu89Gln,89,660,urn:mavedb:00000001-b-2,0.154471240475225,0.154471240475225,0.154471240475225,-0.4783586284429455,-0.03523256571964903,-0.03523256571964903,-0.03523256571964903,-0.7470489038785835,E89
K,K23,S,p.Lys23Ser,23,661,urn:mavedb:00000001-b-2,0.8117667925350219,0.8117667925350219,0.8117667925350219,-0.13884204609331086,0.5820863710864059,0.5820863710864059,0.5820863710864059,-0.21978639685216408,K23
I,I22,F,p.Ile22Phe,22,662,urn:mavedb:00000001-b-2,0.0282369474043364,0.0282369474043364,0.0282369474043364,-0.5137717818999438,0.4029261285975085,0.4029261285975085,0.4029261285975085,-0.4704890387858347,I22
H,H43,L,p.His43Leu,43,663,urn:mavedb:00000001-b-2,0.8570042480011821,0.8570042480011821,0.8570042480011821,-0.10061832490163014,0.4916739494186772,0.4916739494186772,0.4916739494186772,-0.3187183811129848,H43
E,E67,A,p.Glu67Ala,67,664,urn:mavedb:00000001-b-2,0.536417849664813,0.536417849664813,0.536417849664813,-0.3243395165823496,0.699624285588516,0.699624285588516,0.699624285588516,-0.1275997751545812,E67
F,F66,I,p.Phe66Ile,66,665,urn:mavedb:00000001-b-2,-0.130772531259862,-0.130772531259862,-0.130772531259862,-0.5637998875772906,0.5860339394895631,0.5860339394895631,0.5860339394895631,-0.21641371557054526,F66
G,G96,N,p.Gly96Asn,96,666,urn:mavedb:00000001-b-2,-0.313583169713352,-0.313583169713352,-0.313583169713352,-0.6498032602585722,0.45164706623909207,0.45164706623909207,0.45164706623909207,-0.3889825744800449,G96
I,I27,Y,p.Ile27Tyr,27,667,urn:mavedb:00000001-b-2,-0.153738851624827,-0.153738851624827,-0.153738851624827,-0.5739179314221472,0.095055804090403,0.095055804090403,0.095055804090403,-0.6975829117481731,I27
L,L47,G,p.Leu47Gly,47,668,urn:mavedb:00000001-b-2,-0.2338334302064561,-0.2338334302064561,-0.2338334302064561,-0.6076447442383361,0.5013033992038919,0.5013033992038919,0.5013033992038919,-0.30297920179876325,L47
F,F66,R,p.Phe66Arg,66,669,urn:mavedb:00000001-b-2,-0.48554592934459395,-0.48554592934459395,-0.48554592934459395,-0.7346824058459809,0.23126054140483104,0.23126054140483104,0.23126054140483104,-0.6200112422709387,F66
E,E89,S,p.Glu89Ser,89,670,urn:mavedb:00000001-b-2,0.7604553470311579,0.7604553470311579,0.7604553470311579,-0.1804384485666104,0.5707515408362839,0.5707515408362839,0.5707515408362839,-0.2355255761663856,E89
R,R70,S,p.Arg70Ser,70,671,urn:mavedb:00000001-b-2,1.12098031078424,1.12098031078424,1.12098031078424,0.06239460370994944,0.7430027167658836,0.7430027167658836,0.7430027167658836,-0.0972456436200112,R70
Y,Y51,V,p.Tyr51Val,51,672,urn:mavedb:00000001-b-2,0.271382568002825,0.271382568002825,0.271382568002825,-0.4328274311410905,0.9818667269432072,0.9818667269432072,0.9818667269432072,-0.006745362563237768,Y51
G,G28,V,p.Gly28Val,28,673,urn:mavedb:00000001-b-2,-0.124625913520996,-0.124625913520996,-0.124625913520996,-0.5581787521079258,0.3850040263299333,0.3850040263299333,0.3850040263299333,-0.4924114671163575,G28
C,C52,T,p.Cys52Thr,52,674,urn:mavedb:00000001-b-2,-0.460752091030298,-0.460752091030298,-0.460752091030298,-0.7234401349072512,0.3671357104926416,0.3671357104926416,0.3671357104926416,-0.5154581225407532,C52
E,E89,K,p.Glu89Lys,89,675,urn:mavedb:00000001-b-2,0.265304528373667,0.265304528373667,0.265304528373667,-0.43676222596964587,0.07560072217879299,0.07560072217879299,0.07560072217879299,-0.7071388420460932,E89
Q,Q69,M,p.Gln69Met,69,676,urn:mavedb:00000001-b-2,-0.623882484664095,-0.623882484664095,-0.623882484664095,-0.7897695334457561,-0.7167712079920611,-0.7167712079920611,-0.7167712079920611,-0.8656548622821809,Q69
G,G96,S,p.Gly96Ser,96,678,urn:mavedb:00000001-b-2,0.315486302191829,0.315486302191829,0.315486302191829,-0.4170882518268689,1.080716538144273,1.080716538144273,1.080716538144273,0.014614952220348587,G96
K,K39,P,p.Lys39Pro,39,680,urn:mavedb:00000001-b-2,0.484472257702752,0.484472257702752,0.484472257702752,-0.3496346261944913,0.5555037956146389,0.5555037956146389,0.5555037956146389,-0.25463743676222594,K39
I,I71,S,p.Ile71Ser,71,681,urn:mavedb:00000001-b-2,-0.28013494975467795,-0.28013494975467795,-0.28013494975467795,-0.6318156267566049,0.576480378960359,0.576480378960359,0.576480378960359,-0.22653175941540185,I71
R,R63,N,p.Arg63Asn,63,682,urn:mavedb:00000001-b-2,0.528937026523007,0.528937026523007,0.528937026523007,-0.3277121978639685,0.6714112774421729,0.6714112774421729,0.6714112774421729,-0.14952220348510392,R63
K,K39,S,p.Lys39Ser,39,683,urn:mavedb:00000001-b-2,0.627852046876966,0.627852046876966,0.627852046876966,-0.27318718381112983,0.698883584788853,0.698883584788853,0.698883584788853,-0.12872400224845415,K39
H,H75,L,p.His75Leu,75,684,urn:mavedb:00000001-b-2,0.2253272650772601,0.2253272650772601,0.2253272650772601,-0.4536256323777403,0.3309085357306255,0.3309085357306255,0.3309085357306255,-0.5486228218100055,H75
N,N60,S,p.Asn60Ser,60,685,urn:mavedb:00000001-b-2,0.7918812051572821,0.7918812051572821,0.7918812051572821,-0.15907813378302416,0.9794394303697432,0.9794394303697432,0.9794394303697432,-0.007307476110174237,N60
T,T95,W,p.Thr95Trp,95,686,urn:mavedb:00000001-b-2,1.0399435215968298,1.0399435215968298,1.0399435215968298,0.0264193367060146,0.9183367742040138,0.9183367742040138,0.9183367742040138,-0.02810567734682401,T95
I,I88,N,p.Ile88Asn,88,688,urn:mavedb:00000001-b-2,-0.451118151104128,-0.451118151104128,-0.451118151104128,-0.7178189994378864,0.28308015997650504,0.28308015997650504,0.28308015997650504,-0.5823496346261945,I88
K,K78,C,p.Lys78Cys,78,689,urn:mavedb:00000001-b-2,0.188126686896587,0.188126686896587,0.188126686896587,-0.4676784710511523,-0.3143423877615938,-0.3143423877615938,-0.3143423877615938,-0.8212478920741989,K78
K,K23,C,p.Lys23Cys,23,690,urn:mavedb:00000001-b-2,0.335623878883187,0.335623878883187,0.335623878883187,-0.4114671163575042,0.105943457434571,0.105943457434571,0.105943457434571,-0.6936481169196177,K23
L,L62,H,p.Leu62His,62,691,urn:mavedb:00000001-b-2,0.739881068317448,0.739881068317448,0.739881068317448,-0.19505340078695896,1.0838530290095771,1.0838530290095771,1.0838530290095771,0.016301292861158,L62
Q,Q69,R,p.Gln69Arg,69,692,urn:mavedb:00000001-b-2,0.698090880038165,0.698090880038165,0.698090880038165,-0.22372119168071947,0.605202156710199,0.605202156710199,0.605202156710199,-0.1967397414277684,Q69
T,T41,G,p.Thr41Gly,41,693,urn:mavedb:00000001-b-2,0.56445544379014,0.56445544379014,0.56445544379014,-0.30916245081506466,1.077824498296344,1.077824498296344,1.077824498296344,0.014052838673412116,T41
I,I88,G,p.Ile88Gly,88,694,urn:mavedb:00000001-b-2,-0.246617038681484,-0.246617038681484,-0.246617038681484,-0.6149522203485104,0.487581272399149,0.487581272399149,0.487581272399149,-0.32321528948847666,I88
C,C52,D,p.Cys52Asp,52,695,urn:mavedb:00000001-b-2,-0.40022244774201504,-0.40022244774201504,-0.40022244774201504,-0.6953344575604272,0.4276653537809245,0.4276653537809245,0.4276653537809245,-0.4457560427206295,C52
E,E79,R,p.Glu79Arg,79,696,urn:mavedb:00000001-b-2,0.0963453124991751,0.0963453124991751,0.0963453124991751,-0.4935356942102305,0.2523097598227901,0.2523097598227901,0.2523097598227901,-0.6070826306913997,E79
L,L80,K,p.Leu80Lys,80,697,urn:mavedb:00000001-b-2,-0.111460992750803,-0.111460992750803,-0.111460992750803,-0.5542439572793705,0.819741224728121,0.819741224728121,0.819741224728121,-0.061832490163012836,L80
F,F64,T,p.Phe64Thr,64,698,urn:mavedb:00000001-b-2,-0.3672746286612871,-0.3672746286612871,-0.3672746286612871,-0.6801573917931422,0.451647066239092,0.451647066239092,0.451647066239092,-0.40893760539629,F64
I,I88,K,p.Ile88Lys,88,699,urn:mavedb:00000001-b-2,-0.399771044866372,-0.399771044866372,-0.399771044866372,-0.6942102304665543,0.33442726621426105,0.33442726621426105,0.33442726621426105,-0.5452501405283867,I88
Q,Q92,E,p.Gln92Glu,92,700,urn:mavedb:00000001-b-2,0.5209904220687429,0.5209904220687429,0.5209904220687429,-0.3344575604272063,0.22196361895928585,0.22196361895928585,0.22196361895928585,-0.6278808319280494,Q92
K,K16,H,p.Lys16His,16,701,urn:mavedb:00000001-b-2,0.995849101310896,0.995849101310896,0.995849101310896,-0.002248454187745885,0.671943885346723,0.671943885346723,0.671943885346723,-0.14839797639123098,K16
F,F66,S,p.Phe66Ser,66,702,urn:mavedb:00000001-b-2,-0.4365480050167029,-0.4365480050167029,-0.4365480050167029,-0.7110736368746486,0.2802584657327222,0.2802584657327222,0.2802584657327222,-0.5840359752670039,F66
K,K48,G,p.Lys48Gly,48,703,urn:mavedb:00000001-b-2,-0.6727910937490741,-0.6727910937490741,-0.6727910937490741,-0.8032602585722316,0.30721963363287497,0.30721963363287497,0.30721963363287497,-0.5643620011242271,K48
R,R54,G,p.Arg54Gly,54,704,urn:mavedb:00000001-b-2,0.114794483529193,0.114794483529193,0.114794483529193,-0.4862282181000562,0.45164706623909207,0.45164706623909207,0.45164706623909207,-0.3889825744800449,R54
N,N60,E,p.Asn60Glu,60,708,urn:mavedb:00000001-b-2,1.17473231217645,1.17473231217645,1.17473231217645,0.08487914558740872,1.362290537388911,1.362290537388911,1.362290537388911,0.06351883080382237,N60
G,G96,Q,p.Gly96Gln,96,709,urn:mavedb:00000001-b-2,-0.568865826506698,-0.568865826506698,-0.568865826506698,-0.7729061270376616,0.196364409445746,0.196364409445746,0.196364409445746,-0.6419336706014614,G96
V,V90,P,p.Val90Pro,90,710,urn:mavedb:00000001-b-2,-0.0146878230531426,-0.0146878230531426,-0.0146878230531426,-0.5272625070264193,0.5779676883286604,0.5779676883286604,0.5779676883286604,-0.223159078133783,V90
S,S31,D,p.Ser31Asp,31,711,urn:mavedb:00000001-b-2,-0.8712252833193108,-0.8712252833193108,-0.8712252833193108,-0.8381112984822934,-0.9011634666954778,-0.9011634666954778,-0.9011634666954778,-0.8752107925801011,S31
H,H75,K,p.His75Lys,75,712,urn:mavedb:00000001-b-2,0.236122456671376,0.236122456671376,0.236122456671376,-0.4491287240022484,0.3417037273247415,0.3417037273247415,0.3417037273247415,-0.5401911186059584,H75
V,V87,R,p.Val87Arg,87,714,urn:mavedb:00000001-b-2,0.9374514248124259,0.9374514248124259,0.9374514248124259,-0.04328274311410907,0.5194623698395546,0.5194623698395546,0.5194623698395546,-0.2855536818437324,V87
T,T76,F,p.Thr76Phe,76,715,urn:mavedb:00000001-b-2,-0.8732438885260269,-0.8732438885260269,-0.8732438885260269,-0.8386734120292298,0.1299025228610201,0.1299025228610201,0.1299025228610201,-0.684654300168634,T76
D,D15,K,p.Asp15Lys,15,717,urn:mavedb:00000001-b-2,0.734511412677612,0.734511412677612,0.734511412677612,-0.1984260820685778,0.44442138695544103,0.44442138695544103,0.44442138695544103,-0.4243957279370432,D15
E,E49,F,p.Glu49Phe,49,718,urn:mavedb:00000001-b-2,0.385058324867916,0.385058324867916,0.385058324867916,-0.3901068015739179,0.4528787466133879,0.4528787466133879,0.4528787466133879,-0.3636874648679033,E49
M,M82,S,p.Met82Ser,82,719,urn:mavedb:00000001-b-2,-0.227272742423782,-0.227272742423782,-0.227272742423782,-0.6037099494097807,0.558125439738459,0.558125439738459,0.558125439738459,-0.24845418774592465,M82
E,E84,C,p.Glu84Cys,84,720,urn:mavedb:00000001-b-2,1.35587262896157,1.35587262896157,1.35587262896157,0.11467116357504215,1.002896039394231,1.002896039394231,1.002896039394231,0.0005621135469365823,E84
G,G68,V,p.Gly68Val,68,721,urn:mavedb:00000001-b-2,-0.385218380952224,-0.385218380952224,-0.385218380952224,-0.6863406408094435,0.4107105883370141,0.4107105883370141,0.4107105883370141,-0.4620573355817874,G68
T,T41,D,p.Thr41Asp,41,722,urn:mavedb:00000001-b-2,-1.10720054401322,-1.10720054401322,-1.10720054401322,-0.8617200674536256,-0.5938314895070161,-0.5938314895070161,-0.5938314895070161,-0.8527262507026419,T41
T,T76,L,p.Thr76Leu,76,723,urn:mavedb:00000001-b-2,-0.510712615648671,-0.510712615648671,-0.510712615648671,-0.7498594716132658,0.492433795738376,0.492433795738376,0.492433795738376,-0.31759415401911184,T76
K,K46,I,p.Lys46Ile,46,724,urn:mavedb:00000001-b-2,0.8655354465812031,0.8655354465812031,0.8655354465812031,-0.0933108487914559,0.7381353841428022,0.7381353841428022,0.7381353841428022,-0.10005621135469356,K46
V,V57,E,p.Val57Glu,57,726,urn:mavedb:00000001-b-2,-0.304190111809123,-0.304190111809123,-0.304190111809123,-0.6453063518830804,-0.011317892586695966,-0.011317892586695966,-0.011317892586695966,-0.7352445193929174,V57
D,D15,Y,p.Asp15Tyr,15,727,urn:mavedb:00000001-b-2,0.483502424525924,0.483502424525924,0.483502424525924,-0.35188308038223715,0.19341239880375302,0.19341239880375302,0.19341239880375302,-0.6441821247892073,D15
E,E93,R,p.Glu93Arg,93,728,urn:mavedb:00000001-b-2,0.59762882560447,0.59762882560447,0.59762882560447,-0.2917369308600337,0.3875772229671,0.3875772229671,0.3875772229671,-0.4890387858347386,E93
M,M59,I,p.Met59Ile,59,729,urn:mavedb:00000001-b-2,0.7476356813378391,0.7476356813378391,0.7476356813378391,-0.1888701517706577,0.4267336980810891,0.4267336980810891,0.4267336980810891,-0.4468802698145025,M59
F,F64,S,p.Phe64Ser,64,731,urn:mavedb:00000001-b-2,-0.336408722917037,-0.336408722917037,-0.336408722917037,-0.6616076447442383,0.482512971983342,0.482512971983342,0.482512971983342,-0.327150084317032,F64
H,H75,V,p.His75Val,75,732,urn:mavedb:00000001-b-2,0.333982749638558,0.333982749638558,0.333982749638558,-0.4131534569983136,0.4395640202919235,0.4395640202919235,0.4395640202919235,-0.4305789769533445,H75
E,E18,K,p.Glu18Lys,18,733,urn:mavedb:00000001-b-2,0.972125577934235,0.972125577934235,0.972125577934235,-0.021360314783586243,0.6294557186019191,0.6294557186019191,0.6294557186019191,-0.1742551995503091,E18
P,P77,E,p.Pro77Glu,77,734,urn:mavedb:00000001-b-2,-0.114274263884695,-0.114274263884695,-0.114274263884695,-0.5553681843732434,0.6968423506435761,0.6968423506435761,0.6968423506435761,-0.12928611579539062,P77
T,T95,G,p.Thr95Gly,95,736,urn:mavedb:00000001-b-2,0.573253813631908,0.573253813631908,0.573253813631908,-0.30354131534569984,0.45164706623909207,0.45164706623909207,0.45164706623909207,-0.3889825744800449,T95
Y,Y21,A,p.Tyr21Ala,21,737,urn:mavedb:00000001-b-2,0.4454518080478879,0.4454518080478879,0.4454518080478879,-0.3704328274311411,0.1854712379435795,0.1854712379435795,0.1854712379435795,-0.6531759415401911,Y21
G,G81,L,p.Gly81Leu,81,738,urn:mavedb:00000001-b-2,0.8357219266043672,0.8357219266043672,0.8357219266043672,-0.11804384485666095,0.9263190991090604,0.9263190991090604,0.9263190991090604,-0.0241708825182686,G81
D,D86,V,p.Asp86Val,86,739,urn:mavedb:00000001-b-2,-0.16437681218274694,-0.16437681218274694,-0.16437681218274694,-0.5784148397976391,0.4436454783504485,0.4436454783504485,0.4436454783504485,-0.4255199550309162,D86
G,G56,E,p.Gly56Glu,56,740,urn:mavedb:00000001-b-2,0.349833843374842,0.349833843374842,0.349833843374842,-0.4052838673412029,0.45164706623909207,0.45164706623909207,0.45164706623909207,-0.3889825744800449,G56
L,L47,R,p.Leu47Arg,47,741,urn:mavedb:00000001-b-2,-0.362768643113062,-0.362768643113062,-0.362768643113062,-0.6745362563237773,0.372368186297286,0.372368186297286,0.372368186297286,-0.5103991006183248,L47
E,E83,L,p.Glu83Leu,83,743,urn:mavedb:00000001-b-2,1.03951197292321,1.03951197292321,1.03951197292321,0.025857223159078124,0.598492203235783,0.598492203235783,0.598492203235783,-0.2046093310848791,E83
L,L44,C,p.Leu44Cys,44,744,urn:mavedb:00000001-b-2,-0.0463553848894153,-0.0463553848894153,-0.0463553848894153,-0.5356942102304665,0.7345067836359808,0.7345067836359808,0.7345067836359808,-0.1034288926363125,L44
E,E20,Y,p.Glu20Tyr,20,745,urn:mavedb:00000001-b-2,1.07483425851914,1.07483425851914,1.07483425851914,0.04496908375491848,0.6645961240070191,0.6645961240070191,0.6645961240070191,-0.15458122540753227,E20
S,S50,R,p.Ser50Arg,50,746,urn:mavedb:00000001-b-2,1.2662215242502,1.2662215242502,1.2662215242502,0.10286677908937604,0.7793771303285979,0.7793771303285979,0.7793771303285979,-0.08038223721191673,S50
Q,Q69,T,p.Gln69Thr,69,747,urn:mavedb:00000001-b-2,1.05310304901355,1.05310304901355,1.05310304901355,0.037099494097807766,0.9602143256855841,0.9602143256855841,0.9602143256855841,-0.011242270938729535,Q69
D,D30,E,p.Asp30Glu,30,748,urn:mavedb:00000001-b-2,0.55240396498343,0.55240396498343,0.55240396498343,-0.315345699831366,0.7949736727568095,0.7949736727568095,0.7949736727568095,-0.07251264755480602,D30
A,A72,D,p.Ala72Asp,72,749,urn:mavedb:00000001-b-2,0.601357715940594,0.601357715940594,0.601357715940594,-0.2883642495784148,0.297607223410826,0.297607223410826,0.297607223410826,-0.5722315907813378,A72
K,K46,W,p.Lys46Trp,46,750,urn:mavedb:00000001-b-2,0.704952481546173,0.704952481546173,0.704952481546173,-0.21978639685216414,0.5775524191077721,0.5775524191077721,0.5775524191077721,-0.2248454187745924,K46
K,K37,F,p.Lys37Phe,37,752,urn:mavedb:00000001-b-2,-0.30724113892212296,-0.30724113892212296,-0.30724113892212296,-0.6475548060708263,0.378595427479326,0.378595427479326,0.378595427479326,-0.5025295109612141,K37
G,G81,S,p.Gly81Ser,81,753,urn:mavedb:00000001-b-2,1.33860706981586,1.33860706981586,1.33860706981586,0.11242270938729626,1.429204242320553,1.429204242320553,1.429204242320553,0.0730747611017426,G81
S,S50,T,p.Ser50Thr,50,754,urn:mavedb:00000001-b-2,1.45185133255346,1.45185133255346,1.45185133255346,0.1197301854974705,0.9650069386318579,0.9650069386318579,0.9650069386318579,-0.010118043844856595,S50
M,M40,S,p.Met40Ser,40,755,urn:mavedb:00000001-b-2,0.7849205301439359,0.7849205301439359,0.7849205301439359,-0.1618887015177065,0.390310371541998,0.390310371541998,0.390310371541998,-0.4822934232715008,M40
Q,Q55,W,p.Gln55Trp,55,756,urn:mavedb:00000001-b-2,0.477011813017928,0.477011813017928,0.477011813017928,-0.357504215851602,0.14785333298888098,0.14785333298888098,0.14785333298888098,-0.6745362563237773,Q55
E,E89,N,p.Glu89Asn,89,757,urn:mavedb:00000001-b-2,0.74689947557286,0.74689947557286,0.74689947557286,-0.1911186059584036,0.5571956693779859,0.5571956693779859,0.5571956693779859,-0.2507026419336705,E89
K,K78,L,p.Lys78Leu,78,758,urn:mavedb:00000001-b-2,0.026082137627639702,0.026082137627639702,0.026082137627639702,-0.5143338954468802,-0.4763869370305411,-0.4763869370305411,-0.4763869370305411,-0.8426082068577853,K78
S,S31,N,p.Ser31Asn,31,759,urn:mavedb:00000001-b-2,0.8300026085333421,0.8300026085333421,0.8300026085333421,-0.12197863968521637,0.8000644251571751,0.8000644251571751,0.8000644251571751,-0.06970207982012366,S31
I,I71,H,p.Ile71His,71,760,urn:mavedb:00000001-b-2,-0.722502363868145,-0.722502363868145,-0.722502363868145,-0.8133783024170882,0.13411296484689195,0.13411296484689195,0.13411296484689195,-0.6818437324339516,I71
K,K37,A,p.Lys37Ala,37,761,urn:mavedb:00000001-b-2,0.9901257650081868,0.9901257650081868,0.9901257650081868,-0.005621135469364824,1.675962331409636,1.675962331409636,1.675962331409636,0.09274873524451943,K37
G,G81,V,p.Gly81Val,81,762,urn:mavedb:00000001-b-2,0.131580243719938,0.131580243719938,0.131580243719938,-0.4828555368184373,0.22217741622463116,0.22217741622463116,0.22217741622463116,-0.6273187183811129,G81
K,K78,V,p.Lys78Val,78,763,urn:mavedb:00000001-b-2,0.689409485877801,0.689409485877801,0.689409485877801,-0.23271500843170326,0.18694041121962024,0.18694041121962024,0.18694041121962024,-0.652051714446318,K78
G,G14,D,p.Gly14Asp,14,764,urn:mavedb:00000001-b-2,0.8576581619800459,0.8576581619800459,0.8576581619800459,-0.0994940978077572,0.4597759888596069,0.4597759888596069,0.4597759888596069,-0.3524451939291736,G14
K,K17,A,p.Lys17Ala,17,766,urn:mavedb:00000001-b-2,0.6319682484510369,0.6319682484510369,0.6319682484510369,-0.26869027543563795,0.3760096726266509,0.3760096726266509,0.3760096726266509,-0.5059021922428331,K17
G,G96,A,p.Gly96Ala,96,767,urn:mavedb:00000001-b-2,-0.502298596904859,-0.502298596904859,-0.502298596904859,-0.7431141090500281,0.262931639047585,0.262931639047585,0.262931639047585,-0.6014614952220347,G96
G,G96,P,p.Gly96Pro,96,770,urn:mavedb:00000001-b-2,0.6314955262592591,0.6314955262592591,0.6314955262592591,-0.2703766160764475,1.3967257622117029,1.3967257622117029,1.3967257622117029,0.06801573917931425,G96
R,R63,G,p.Arg63Gly,63,771,urn:mavedb:00000001-b-2,-0.12902285682842202,-0.12902285682842202,-0.12902285682842202,-0.5621135469364811,0.013451394090743972,0.013451394090743972,0.013451394090743972,-0.7290612703766159,R63
Q,Q92,L,p.Gln92Leu,92,772,urn:mavedb:00000001-b-2,0.298958048705206,0.298958048705206,0.298958048705206,-0.4221472737492973,-6.875440425108126e-05,-6.875440425108126e-05,-6.875440425108126e-05,-0.7318718381112984,Q92
I,I88,A,p.Ile88Ala,88,773,urn:mavedb:00000001-b-2,-0.28255124484154104,-0.28255124484154104,-0.28255124484154104,-0.6335019673974143,0.45164706623909207,0.45164706623909207,0.45164706623909207,-0.3889825744800449,I88
G,G96,I,p.Gly96Ile,96,774,urn:mavedb:00000001-b-2,-0.558558472349959,-0.558558472349959,-0.558558472349959,-0.7695334457560427,0.20667176360248496,0.20667176360248496,0.20667176360248496,-0.6340640809443507,G96
S,S50,L,p.Ser50Leu,50,775,urn:mavedb:00000001-b-2,1.1787728812226,1.1787728812226,1.1787728812226,0.0854412591343452,0.6919284873009979,0.6919284873009979,0.6919284873009979,-0.13209668353007298,S50
Q,Q29,S,p.Gln29Ser,29,776,urn:mavedb:00000001-b-2,-0.000370410523731464,-0.000370410523731464,-0.000370410523731464,-0.5227655986509274,0.09499976429406157,0.09499976429406157,0.09499976429406157,-0.6981450252951096,Q29
K,K17,I,p.Lys17Ile,17,777,urn:mavedb:00000001-b-2,0.5029457939538211,0.5029457939538211,0.5029457939538211,-0.3417650365373805,0.24698721812943505,0.24698721812943505,0.24698721812943505,-0.6121416526138279,K17
K,K45,F,p.Lys45Phe,45,779,urn:mavedb:00000001-b-2,0.0238309584289819,0.0238309584289819,0.0238309584289819,-0.5171444631815627,-0.21004453263454395,-0.21004453263454395,-0.21004453263454395,-0.7965148960089937,K45
S,S32,P,p.Ser32Pro,32,781,urn:mavedb:00000001-b-2,-0.140600002142515,-0.140600002142515,-0.140600002142515,-0.568858909499719,-0.19336709381711592,-0.19336709381711592,-0.19336709381711592,-0.7880831928049465,S32
K,K78,Q,p.Lys78Gln,78,782,urn:mavedb:00000001-b-2,0.539023681858654,0.539023681858654,0.539023681858654,-0.32321528948847666,0.03655460720047321,0.03655460720047321,0.03655460720047321,-0.7200674536256323,K78
E,E20,T,p.Glu20Thr,20,783,urn:mavedb:00000001-b-2,-0.64046561051761,-0.64046561051761,-0.64046561051761,-0.7953906689151209,-1.050703745029731,-1.050703745029731,-1.050703745029731,-0.87858347386172,E20
D,D86,G,p.Asp86Gly,86,784,urn:mavedb:00000001-b-2,0.896006574198681,0.896006574198681,0.896006574198681,-0.06801573917931425,1.5040288647318765,1.5040288647318765,1.5040288647318765,0.07982012366498037,D86
Y,Y91,I,p.Tyr91Ile,91,785,urn:mavedb:00000001-b-2,-0.76619358102118,-0.76619358102118,-0.76619358102118,-0.8240584598088814,-0.6009290436534235,-0.6009290436534235,-0.6009290436534235,-0.8538504777965148,Y91
M,M59,F,p.Met59Phe,59,786,urn:mavedb:00000001-b-2,1.01189033909984,1.01189033909984,1.01189033909984,0.009555930297920234,0.6909883558430899,0.6909883558430899,0.6909883558430899,-0.13265879707700956,M59
H,H43,V,p.His43Val,43,787,urn:mavedb:00000001-b-2,0.8712390874857429,0.8712390874857429,0.8712390874857429,-0.08937605396290049,0.5059087889032379,0.5059087889032379,0.5059087889032379,-0.2973580663293985,H43
K,K17,P,p.Lys17Pro,17,788,urn:mavedb:00000001-b-2,0.7076056420634781,0.7076056420634781,0.7076056420634781,-0.2169758291174817,0.45164706623909207,0.45164706623909207,0.45164706623909207,-0.3889825744800449,K17
T,T42,L,p.Thr42Leu,42,789,urn:mavedb:00000001-b-2,0.631586050597443,0.631586050597443,0.631586050597443,-0.2698145025295109,0.8740289382726508,0.8740289382726508,0.8740289382726508,-0.043282743114108964,T42
G,G81,F,p.Gly81Phe,81,790,urn:mavedb:00000001-b-2,1.1829065386896298,1.1829065386896298,1.1829065386896298,0.08600337268128166,1.2735037111943228,1.2735037111943228,1.2735037111943228,0.05396290050590225,G81
Y,Y91,C,p.Tyr91Cys,91,791,urn:mavedb:00000001-b-2,0.35288994191900896,0.35288994191900896,0.35288994191900896,-0.4035975267003935,0.5181544792867654,0.5181544792867654,0.5181544792867654,-0.28667790893760536,Y91
H,H35,T,p.His35Thr,35,792,urn:mavedb:00000001-b-2,1.39054530702805,1.39054530702805,1.39054530702805,0.11635750421585167,1.1719055096290119,1.1719055096290119,1.1719055096290119,0.03485103991006189,H35
K,K78,M,p.Lys78Met,78,793,urn:mavedb:00000001-b-2,0.9995536753180992,0.9995536753180992,0.9995536753180992,-0.0005621135469364713,0.4970846006599184,0.4970846006599184,0.4970846006599184,-0.30691399662731866,K78
D,D73,V,p.Asp73Val,73,794,urn:mavedb:00000001-b-2,-0.491362518651804,-0.491362518651804,-0.491362518651804,-0.7363687464867903,0.3577409770008761,0.3577409770008761,0.3577409770008761,-0.5233277121978639,D73
E,E79,G,p.Glu79Gly,79,795,urn:mavedb:00000001-b-2,0.892640746349067,0.892640746349067,0.892640746349067,-0.07195053400786955,1.048605193672682,1.048605193672682,1.048605193672682,0.008431703204047292,E79
E,E79,Y,p.Glu79Tyr,79,796,urn:mavedb:00000001-b-2,1.4474492448351597,1.4474492448351597,1.4474492448351597,0.11916807195053405,1.6034136921587747,1.6034136921587747,1.6034136921587747,0.08712759977515461,E79
V,V57,G,p.Val57Gly,57,797,urn:mavedb:00000001-b-2,-0.157203111524382,-0.157203111524382,-0.157203111524382,-0.5756042720629566,0.13566910769804502,0.13566910769804502,0.13566910769804502,-0.6812816188870151,V57
L,L24,H,p.Leu24His,24,798,urn:mavedb:00000001-b-2,-0.43308474211453496,-0.43308474211453496,-0.43308474211453496,-0.7093872962338392,0.320304191608731,0.320304191608731,0.320304191608731,-0.5548060708263068,L24
E,E67,D,p.Glu67Asp,67,799,urn:mavedb:00000001-b-2,0.514858828664821,0.514858828664821,0.514858828664821,-0.33783024170882514,0.6780652645885241,0.6780652645885241,0.6780652645885241,-0.14109050028105674,E67
E,E79,P,p.Glu79Pro,79,800,urn:mavedb:00000001-b-2,-0.8625101635176909,-0.8625101635176909,-0.8625101635176909,-0.8369870713884204,-0.7065457161940759,-0.7065457161940759,-0.7065457161940759,-0.8645306351883079,E79
Y,Y51,I,p.Tyr51Ile,51,801,urn:mavedb:00000001-b-2,0.18116775100505605,0.18116775100505605,0.18116775100505605,-0.4704890387858347,0.8916519099454381,0.8916519099454381,0.8916519099454381,-0.03709949409780766,Y51
E,E89,V,p.Glu89Val,89,803,urn:mavedb:00000001-b-2,0.621703927363207,0.621703927363207,0.621703927363207,-0.27655986509274866,0.4320001211683329,0.4320001211683329,0.4320001211683329,-0.4395727937043282,E89
K,K16,P,p.Lys16Pro,16,804,urn:mavedb:00000001-b-2,0.881589034583892,0.881589034583892,0.881589034583892,-0.07982012366498026,0.557683818619719,0.557683818619719,0.557683818619719,-0.2501405283867341,K16
P,P58,E,p.Pro58Glu,58,805,urn:mavedb:00000001-b-2,0.638439076082146,0.638439076082146,0.638439076082146,-0.26475548060708265,1.4542859989475692,1.4542859989475692,1.4542859989475692,0.07588532883642496,P58
D,D73,G,p.Asp73Gly,73,806,urn:mavedb:00000001-b-2,-0.41645147057990506,-0.41645147057990506,-0.41645147057990506,-0.7043282743114109,0.43265202507277506,0.43265202507277506,0.43265202507277506,-0.43901068015739175,D73
L,L65,V,p.Leu65Val,65,807,urn:mavedb:00000001-b-2,0.8850590547431091,0.8850590547431091,0.8850590547431091,-0.07588532883642496,1.589561502835065,1.589561502835065,1.589561502835065,0.0854412591343452,L65
H,H75,S,p.His75Ser,75,808,urn:mavedb:00000001-b-2,0.983548648705466,0.983548648705466,0.983548648705466,-0.010118043844856595,1.0891299193588315,1.0891299193588315,1.0891299193588315,0.01911186059584036,H75
G,G97,L,p.Gly97Leu,97,811,urn:mavedb:00000001-b-2,0.379990485684805,0.379990485684805,0.379990485684805,-0.3929173693086003,1.1257141765123715,1.1257141765123715,1.1257141765123715,0.02585722315907824,G97
K,K48,V,p.Lys48Val,48,812,urn:mavedb:00000001-b-2,-0.403934810684122,-0.403934810684122,-0.403934810684122,-0.6981450252951096,0.5760759166978271,0.5760759166978271,0.5760759166978271,-0.2270938729623383,K48
V,V90,L,p.Val90Leu,90,813,urn:mavedb:00000001-b-2,-0.3647012235186449,-0.3647012235186449,-0.3647012235186449,-0.6762225969645869,0.2279542878631581,0.2279542878631581,0.2279542878631581,-0.6211354693648117,V90
V,V90,Q,p.Val90Gln,90,814,urn:mavedb:00000001-b-2,-0.36191187468812,-0.36191187468812,-0.36191187468812,-0.6739741427768409,0.2307436366936831,0.2307436366936831,0.2307436366936831,-0.6205733558178752,V90
E,E83,P,p.Glu83Pro,83,815,urn:mavedb:00000001-b-2,-0.7373451163643359,-0.7373451163643359,-0.7373451163643359,-0.8178752107925801,-1.1783648860517628,-1.1783648860517628,-1.1783648860517628,-0.8813940415964024,E83
V,V90,N,p.Val90Asn,90,816,urn:mavedb:00000001-b-2,-0.452033324474115,-0.452033324474115,-0.452033324474115,-0.7195053400786959,0.14062218690768807,0.14062218690768807,0.14062218690768807,-0.6790331646992692,V90
Q,Q29,I,p.Gln29Ile,29,817,urn:mavedb:00000001-b-2,1.6700422191025002,1.6700422191025002,1.6700422191025002,0.1275997751545812,1.7654123939202933,1.7654123939202933,1.7654123939202933,0.1011804384485666,Q29
R,R70,E,p.Arg70Glu,70,818,urn:mavedb:00000001-b-2,1.29139743061498,1.29139743061498,1.29139743061498,0.10736368746486792,0.9134198365966236,0.9134198365966236,0.9134198365966236,-0.030354131534569895,R70
T,T42,V,p.Thr42Val,42,819,urn:mavedb:00000001-b-2,0.8066048932802591,0.8066048932802591,0.8066048932802591,-0.14446318156267568,1.0490477809554672,1.0490477809554672,1.0490477809554672,0.008993816750983763,T42
G,G56,P,p.Gly56Pro,56,820,urn:mavedb:00000001-b-2,-0.7997934040223549,-0.7997934040223549,-0.7997934040223549,-0.8279932546374368,-0.6979801811581048,-0.6979801811581048,-0.6979801811581048,-0.8639685216413715,G56
L,L44,G,p.Leu44Gly,44,821,urn:mavedb:00000001-b-2,-0.36656887379562897,-0.36656887379562897,-0.36656887379562897,-0.6790331646992692,0.4142932947297671,0.4142932947297671,0.4142932947297671,-0.4558740865654862,L44
E,E84,N,p.Glu84Asn,84,823,urn:mavedb:00000001-b-2,0.175025027492229,0.175025027492229,0.175025027492229,-0.4710511523327712,-0.1779515620751099,-0.1779515620751099,-0.1779515620751099,-0.7818999437886452,E84
R,R70,Y,p.Arg70Tyr,70,824,urn:mavedb:00000001-b-2,0.170129160832733,0.170129160832733,0.170129160832733,-0.4727374929735806,-0.2078484331856234,-0.2078484331856234,-0.2078484331856234,-0.7937043282743114,R70
C,C52,L,p.Cys52Leu,52,825,urn:mavedb:00000001-b-2,-0.415919889649984,-0.415919889649984,-0.415919889649984,-0.7032040472175379,0.4119679118729555,0.4119679118729555,0.4119679118729555,-0.459246767847105,C52
Y,Y51,C,p.Tyr51Cys,51,826,urn:mavedb:00000001-b-2,-0.25883709270129,-0.25883709270129,-0.25883709270129,-0.6216975829117481,0.4516470662390921,0.4516470662390921,0.4516470662390921,-0.3687464867903316,Y51
D,D73,T,p.Asp73Thr,73,828,urn:mavedb:00000001-b-2,-0.17737315367993695,-0.17737315367993695,-0.17737315367993695,-0.5823496346261945,0.6717303419727432,0.6717303419727432,0.6717303419727432,-0.14896008993816745,D73
E,E89,R,p.Glu89Arg,89,829,urn:mavedb:00000001-b-2,0.39847572104159706,0.39847572104159706,0.39847572104159706,-0.38336143901068015,0.20877191484672306,0.20877191484672306,0.20877191484672306,-0.6329398538504778,E89
L,L62,P,p.Leu62Pro,62,830,urn:mavedb:00000001-b-2,-0.4461605315637721,-0.4461605315637721,-0.4461605315637721,-0.7144463181562676,-0.10218857087164313,-0.10218857087164313,-0.10218857087164313,-0.7684092186621697,L62
F,F36,A,p.Phe36Ala,36,832,urn:mavedb:00000001-b-2,-0.209883905672738,-0.209883905672738,-0.209883905672738,-0.5930297920179877,0.5371009759737101,0.5371009759737101,0.5371009759737101,-0.2698145025295109,F36
S,S32,M,p.Ser32Met,32,834,urn:mavedb:00000001-b-2,0.554884146741368,0.554884146741368,0.554884146741368,-0.3125351320966835,0.5021170550667671,0.5021170550667671,0.5021170550667671,-0.3018549747048903,S32
V,V57,F,p.Val57Phe,57,835,urn:mavedb:00000001-b-2,0.15558221995999602,0.15558221995999602,0.15558221995999602,-0.4772344013490725,0.448454439182423,0.448454439182423,0.448454439182423,-0.4154019111860595,V57
E,E83,R,p.Glu83Arg,83,836,urn:mavedb:00000001-b-2,0.8927878733680029,0.8927878733680029,0.8927878733680029,-0.0708263069139966,0.4517681036805759,0.4517681036805759,0.4517681036805759,-0.3664980326025856,E83
V,V57,R,p.Val57Arg,57,838,urn:mavedb:00000001-b-2,1.3308600003126698,1.3308600003126698,1.3308600003126698,0.11073636874648683,1.6237322195350967,1.6237322195350967,1.6237322195350967,0.08825182686902755,V57
N,N60,M,p.Asn60Met,60,839,urn:mavedb:00000001-b-2,-0.24379598082542106,-0.24379598082542106,-0.24379598082542106,-0.6127037661607644,-0.05623775561296005,-0.05623775561296005,-0.05623775561296005,-0.7509836987071388,N60
L,L44,A,p.Leu44Ala,44,840,urn:mavedb:00000001-b-2,-0.6209133125520879,-0.6209133125520879,-0.6209133125520879,-0.7892074198988195,0.1599488559733081,0.1599488559733081,0.1599488559733081,-0.6689151208544125,L44
F,F36,K,p.Phe36Lys,36,841,urn:mavedb:00000001-b-2,-0.966694269518177,-0.966694269518177,-0.966694269518177,-0.8482293423271501,-0.21970938787172897,-0.21970938787172897,-0.21970938787172897,-0.7987633501967397,F36
V,V57,A,p.Val57Ala,57,843,urn:mavedb:00000001-b-2,0.970241975108202,0.970241975108202,0.970241975108202,-0.02417088251826871,1.2631141943306292,1.2631141943306292,1.2631141943306292,0.0528386734120293,V57
G,G19,A,p.Gly19Ala,19,844,urn:mavedb:00000001-b-2,0.8031097331457059,0.8031097331457059,0.8031097331457059,-0.1478358628442945,0.4335687124105239,0.4335687124105239,0.4335687124105239,-0.4373243395165823,G19
K,K23,L,p.Lys23Leu,23,845,urn:mavedb:00000001-b-2,0.985842623665708,0.985842623665708,0.985842623665708,-0.008431703204047179,0.7561622022170921,0.7561622022170921,0.7561622022170921,-0.09274873524451932,K23
I,I27,P,p.Ile27Pro,27,849,urn:mavedb:00000001-b-2,-0.4649037086524749,-0.4649037086524749,-0.4649037086524749,-0.7245643620011242,-0.2161090529372449,-0.2161090529372449,-0.2161090529372449,-0.7976391231028668,I27
Q,Q55,M,p.Gln55Met,55,850,urn:mavedb:00000001-b-2,1.43770685187231,1.43770685187231,1.43770685187231,0.11804384485666107,1.108548371843263,1.108548371843263,1.108548371843263,0.023046655424395768,Q55
K,K16,Q,p.Lys16Gln,16,852,urn:mavedb:00000001-b-2,0.670808588505652,0.670808588505652,0.670808588505652,-0.24508150646430585,0.34690337254147896,0.34690337254147896,0.34690337254147896,-0.5345699831365935,K16
K,K25,F,p.Lys25Phe,25,853,urn:mavedb:00000001-b-2,-0.221147425142276,-0.221147425142276,-0.221147425142276,-0.5986509274873524,0.3892892736656176,0.3892892736656176,0.3892892736656176,-0.4851039910061832,K25
L,L80,M,p.Leu80Met,80,854,urn:mavedb:00000001-b-2,0.554279744606188,0.554279744606188,0.554279744606188,-0.31309724564362,1.4854819620851116,1.4854819620851116,1.4854819620851116,0.07869589657110743,L80
F,F64,V,p.Phe64Val,64,855,urn:mavedb:00000001-b-2,-0.451835735608185,-0.451835735608185,-0.451835735608185,-0.7189432265317595,0.36708595929219395,0.36708595929219395,0.36708595929219395,-0.5160202360876897,F64
R,R54,S,p.Arg54Ser,54,856,urn:mavedb:00000001-b-2,-0.00514027104224325,-0.00514027104224325,-0.00514027104224325,-0.5267003934794828,0.3317123116676557,0.3317123116676557,0.3317123116676557,-0.5474985947161326,R54
I,I27,G,p.Ile27Gly,27,857,urn:mavedb:00000001-b-2,-0.31659707979873,-0.31659707979873,-0.31659707979873,-0.6520517144463182,-0.06780242408349996,-0.06780242408349996,-0.06780242408349996,-0.7554806070826307,I27
H,H35,S,p.His35Ser,35,858,urn:mavedb:00000001-b-2,0.5350753002178961,0.5350753002178961,0.5350753002178961,-0.326025857223159,0.3164355028188581,0.3164355028188581,0.3164355028188581,-0.5593029792017987,H35
G,G96,W,p.Gly96Trp,96,859,urn:mavedb:00000001-b-2,-0.573238287764225,-0.573238287764225,-0.573238287764225,-0.7745924676784709,0.19199194818821896,0.19199194818821896,0.19199194818821896,-0.6453063518830804,G96
V,V57,P,p.Val57Pro,57,860,urn:mavedb:00000001-b-2,-0.6060972768234979,-0.6060972768234979,-0.6060972768234979,-0.7852726250702642,-0.3132250576010709,-0.3132250576010709,-0.3132250576010709,-0.8206857785272624,V57
I,I27,T,p.Ile27Thr,27,861,urn:mavedb:00000001-b-2,0.470813921261559,0.470813921261559,0.470813921261559,-0.3625632377740303,0.719608576976789,0.719608576976789,0.719608576976789,-0.11242270938729616,I27
Y,Y51,N,p.Tyr51Asn,51,863,urn:mavedb:00000001-b-2,0.0636997832654168,0.0636997832654168,0.0636997832654168,-0.5030916245081507,0.7741839422057989,0.7741839422057989,0.7741839422057989,-0.08263069139966273,Y51
D,D15,I,p.Asp15Ile,15,864,urn:mavedb:00000001-b-2,0.319918398076458,0.319918398076458,0.319918398076458,-0.415964024732996,0.02982837235428698,0.02982837235428698,0.02982837235428698,-0.7234401349072512,D15
T,T76,G,p.Thr76Gly,76,865,urn:mavedb:00000001-b-2,-0.113881506657471,-0.113881506657471,-0.113881506657471,-0.5548060708263071,0.889264904729576,0.889264904729576,0.889264904729576,-0.03822372119168072,T76
K,K23,A,p.Lys23Ala,23,867,urn:mavedb:00000001-b-2,0.5712916196573911,0.5712916196573911,0.5712916196573911,-0.3046655424395728,0.34161119820877506,0.34161119820877506,0.34161119820877506,-0.5407532321528948,K23
Q,Q94,R,p.Gln94Arg,94,868,urn:mavedb:00000001-b-2,0.534217124721625,0.534217124721625,0.534217124721625,-0.327150084317032,0.45164706623909207,0.45164706623909207,0.45164706623909207,-0.3889825744800449,Q94
Q,Q94,W,p.Gln94Trp,94,869,urn:mavedb:00000001-b-2,0.69155692092437,0.69155692092437,0.69155692092437,-0.23046655424395726,0.6089868624418371,0.6089868624418371,0.6089868624418371,-0.19224283305227646,Q94
L,L47,S,p.Leu47Ser,47,870,urn:mavedb:00000001-b-2,-0.283489763171256,-0.283489763171256,-0.283489763171256,-0.6340640809443507,0.451647066239092,0.451647066239092,0.451647066239092,-0.40893760539629,L47
K,K23,R,p.Lys23Arg,23,871,urn:mavedb:00000001-b-2,1.12342834434603,1.12342834434603,1.12342834434603,0.06351883080382237,0.8937479228974141,0.8937479228974141,0.8937479228974141,-0.03653738055087119,K23
E,E49,L,p.Glu49Leu,49,872,urn:mavedb:00000001-b-2,0.402094754171085,0.402094754171085,0.402094754171085,-0.3822372119168072,0.469915175916557,0.469915175916557,0.469915175916557,-0.3451377178189994,E49
A,A72,N,p.Ala72Asn,72,873,urn:mavedb:00000001-b-2,1.22399380223049,1.22399380223049,1.22399380223049,0.09612141652613826,0.9202433097007221,0.9202433097007221,0.9202433097007221,-0.027543563799887538,A72
E,E33,P,p.Glu33Pro,33,874,urn:mavedb:00000001-b-2,-0.0620677151998685,-0.0620677151998685,-0.0620677151998685,-0.5396290050590219,0.2381181928028995,0.2381181928028995,0.2381181928028995,-0.6172006745362563,E33
V,V26,Y,p.Val26Tyr,26,875,urn:mavedb:00000001-b-2,-0.491600978213004,-0.491600978213004,-0.491600978213004,-0.7374929735806632,0.03008716565168068,0.03008716565168068,0.03008716565168068,-0.7228780213603148,V26
T,T95,V,p.Thr95Val,95,876,urn:mavedb:00000001-b-2,1.24197957442136,1.24197957442136,1.24197957442136,0.09893198426082073,1.120372827028544,1.120372827028544,1.120372827028544,0.02473299606520518,T95
H,H35,G,p.His35Gly,35,877,urn:mavedb:00000001-b-2,0.191331830713847,0.191331830713847,0.191331830713847,-0.4659921304103429,-0.02730796668519095,-0.02730796668519095,-0.02730796668519095,-0.7419898819561551,H35
E,E85,L,p.Glu85Leu,85,878,urn:mavedb:00000001-b-2,1.05466060302785,1.05466060302785,1.05466060302785,0.03878583473861719,0.463190025605802,0.463190025605802,0.463190025605802,-0.3501967397414277,E85
K,K39,F,p.Lys39Phe,39,879,urn:mavedb:00000001-b-2,-0.783589415598438,-0.783589415598438,-0.783589415598438,-0.8274311410905002,-0.7125578776865509,-0.7125578776865509,-0.7125578776865509,-0.8650927487352444,K39
D,D73,E,p.Asp73Glu,73,880,urn:mavedb:00000001-b-2,-0.337635287810959,-0.337635287810959,-0.337635287810959,-0.6632939853850477,0.5114682078417211,0.5114682078417211,0.5114682078417211,-0.2917369308600337,D73
I,I71,C,p.Ile71Cys,71,882,urn:mavedb:00000001-b-2,-0.7557015905349208,-0.7557015905349208,-0.7557015905349208,-0.820123664980326,0.10091373818011616,0.10091373818011616,0.10091373818011616,-0.6958965711073637,I71
T,T41,C,p.Thr41Cys,41,883,urn:mavedb:00000001-b-2,-0.3371370021721161,-0.3371370021721161,-0.3371370021721161,-0.6621697582911747,0.17623205233408773,0.17623205233408773,0.17623205233408773,-0.6599213041034289,T41
I,I34,T,p.Ile34Thr,34,884,urn:mavedb:00000001-b-2,0.6580356882465339,0.6580356882465339,0.6580356882465339,-0.2523889825744801,1.238473232057634,1.238473232057634,1.238473232057634,0.046655424395728014,I34
Q,Q53,A,p.Gln53Ala,53,885,urn:mavedb:00000001-b-2,0.9005267209729201,0.9005267209729201,0.9005267209729201,-0.06520517144463177,0.45164706623909207,0.45164706623909207,0.45164706623909207,-0.3889825744800449,Q53
S,S50,C,p.Ser50Cys,50,886,urn:mavedb:00000001-b-2,1.28779685032049,1.28779685032049,1.28779685032049,0.10511523327712202,0.8009524563988879,0.8009524563988879,0.8009524563988879,-0.06857785272625061,S50
V,V26,T,p.Val26Thr,26,887,urn:mavedb:00000001-b-2,0.499763793267049,0.499763793267049,0.499763793267049,-0.342327150084317,1.0214519371317337,1.0214519371317337,1.0214519371317337,0.005059021922428353,V26
G,G28,W,p.Gly28Trp,28,888,urn:mavedb:00000001-b-2,0.466931555980356,0.466931555980356,0.466931555980356,-0.3648116919617762,0.9765614958312854,0.9765614958312854,0.9765614958312854,-0.00786958965711071,G28
E,E83,S,p.Glu83Ser,83,889,urn:mavedb:00000001-b-2,1.08149139658816,1.08149139658816,1.08149139658816,0.04834176503653742,0.6404716269007329,0.6404716269007329,0.6404716269007329,-0.1703204047217537,E83
K,K25,C,p.Lys25Cys,25,890,urn:mavedb:00000001-b-2,-0.25199148619636497,-0.25199148619636497,-0.25199148619636497,-0.6166385609893198,0.35844521261152856,0.35844521261152856,0.35844521261152856,-0.5222034851039911,K25
E,E79,V,p.Glu79Val,79,891,urn:mavedb:00000001-b-2,1.17397149200877,1.17397149200877,1.17397149200877,0.08375491849353567,1.329935939332385,1.329935939332385,1.329935939332385,0.0590219224283306,E79
M,M82,I,p.Met82Ile,82,892,urn:mavedb:00000001-b-2,-0.494563293385709,-0.494563293385709,-0.494563293385709,-0.7397414277684092,0.29083488877653196,0.29083488877653196,0.29083488877653196,-0.5756042720629566,M82
L,L65,W,p.Leu65Trp,65,893,urn:mavedb:00000001-b-2,-0.7189978363266278,-0.7189978363266278,-0.7189978363266278,-0.8122540753232153,-0.014495388234671891,-0.014495388234671891,-0.014495388234671891,-0.7369308600337268,L65
K,K23,G,p.Lys23Gly,23,894,urn:mavedb:00000001-b-2,0.198725823447191,0.198725823447191,0.198725823447191,-0.4637436762225969,-0.030954598001425002,-0.030954598001425002,-0.030954598001425002,-0.7436762225969645,K23
K,K39,V,p.Lys39Val,39,895,urn:mavedb:00000001-b-2,-1.3511091495264598,-1.3511091495264598,-1.3511091495264598,-0.8662169758291175,-1.280077611614573,-1.280077611614573,-1.280077611614573,-0.8836424957841483,K39
T,T76,R,p.Thr76Arg,76,896,urn:mavedb:00000001-b-2,-0.295637846134523,-0.295637846134523,-0.295637846134523,-0.6424957841483979,0.7075085652525239,0.7075085652525239,0.7075085652525239,-0.12197863968521637,T76
R,R54,V,p.Arg54Val,54,898,urn:mavedb:00000001-b-2,0.842996222732006,0.842996222732006,0.842996222732006,-0.11242270938729626,1.179848805441905,1.179848805441905,1.179848805441905,0.03766160764474424,R54
R,R63,T,p.Arg63Thr,63,900,urn:mavedb:00000001-b-2,0.222100655421386,0.222100655421386,0.222100655421386,-0.4553119730185497,0.36457490634055195,0.36457490634055195,0.36457490634055195,-0.5165823496346261,R63
K,K16,M,p.Lys16Met,16,901,urn:mavedb:00000001-b-2,0.850446897616232,0.850446897616232,0.850446897616232,-0.10511523327712192,0.5265416816520591,0.5265416816520591,0.5265416816520591,-0.2776840921866216,K16
Q,Q92,S,p.Gln92Ser,92,902,urn:mavedb:00000001-b-2,0.9722196181088468,0.9722196181088468,0.9722196181088468,-0.020798201236649768,0.6731928149993898,0.6731928149993898,0.6731928149993898,-0.14671163575042154,Q92
Q,Q53,S,p.Gln53Ser,53,904,urn:mavedb:00000001-b-2,1.14992352147468,1.14992352147468,1.14992352147468,0.07138842046093308,0.7010438667408518,0.7010438667408518,0.7010438667408518,-0.12591343451377168,Q53
G,G19,L,p.Gly19Leu,19,905,urn:mavedb:00000001-b-2,0.8401347523567421,0.8401347523567421,0.8401347523567421,-0.11467116357504215,0.47059373162156,0.47059373162156,0.47059373162156,-0.34401349072512644,G19
G,G68,Q,p.Gly68Gln,68,906,urn:mavedb:00000001-b-2,0.883347209712467,0.883347209712467,0.883347209712467,-0.07757166947723437,1.6792761790017052,1.6792761790017052,1.6792761790017052,0.0933108487914559,G68
E,E85,Q,p.Glu85Gln,85,907,urn:mavedb:00000001-b-2,0.7359513032162031,0.7359513032162031,0.7359513032162031,-0.19730185497470487,0.14448072579415505,0.14448072579415505,0.14448072579415505,-0.6767847105115232,E85
A,A72,C,p.Ala72Cys,72,909,urn:mavedb:00000001-b-2,0.75539755876886,0.75539755876886,0.75539755876886,-0.18381112984822934,0.45164706623909207,0.45164706623909207,0.45164706623909207,-0.3889825744800449,A72
E,E67,L,p.Glu67Leu,67,910,urn:mavedb:00000001-b-2,0.632576274935433,0.632576274935433,0.632576274935433,-0.2681281618887015,0.795782710859136,0.795782710859136,0.795782710859136,-0.07195053400786955,E67
E,E20,P,p.Glu20Pro,20,911,urn:mavedb:00000001-b-2,1.51453852961027,1.51453852961027,1.51453852961027,0.12254075323215295,1.1043003950981491,1.1043003950981491,1.1043003950981491,0.021922428330522825,E20
G,G14,L,p.Gly14Leu,14,912,urn:mavedb:00000001-b-2,1.05434145311314,1.05434145311314,1.05434145311314,0.03822372119168072,0.6564592799927012,0.6564592799927012,0.6564592799927012,-0.15964024732996066,G14
G,G96,M,p.Gly96Met,96,913,urn:mavedb:00000001-b-2,0.267091864508946,0.267091864508946,0.267091864508946,-0.4356379988757729,1.03232210046139,1.03232210046139,1.03232210046139,0.006183249016301295,G96
P,P58,K,p.Pro58Lys,58,914,urn:mavedb:00000001-b-2,0.876573282279051,0.876573282279051,0.876573282279051,-0.08206857785272625,1.692420205144474,1.692420205144474,1.692420205144474,0.0955593029792019,P58
Q,Q92,Y,p.Gln92Tyr,92,915,urn:mavedb:00000001-b-2,0.7506738693485491,0.7506738693485491,0.7506738693485491,-0.1866216975829117,0.45164706623909207,0.45164706623909207,0.45164706623909207,-0.3889825744800449,Q92
K,K16,R,p.Lys16Arg,16,917,urn:mavedb:00000001-b-2,0.8173977281279091,0.8173977281279091,0.8173977281279091,-0.13434513771781895,0.4934925121637361,0.4934925121637361,0.4934925121637361,-0.3147835862844294,K16
K,K45,N,p.Lys45Asn,45,918,urn:mavedb:00000001-b-2,0.567827152966279,0.567827152966279,0.567827152966279,-0.30691399662731866,0.33395166190275305,0.33395166190275305,0.33395166190275305,-0.5463743676222597,K45
G,G56,A,p.Gly56Ala,56,919,urn:mavedb:00000001-b-2,0.39304496339302,0.39304496339302,0.39304496339302,-0.38673412029229903,0.4948581862572701,0.4948581862572701,0.4948581862572701,-0.311973018549747,G56
I,I88,Y,p.Ile88Tyr,88,920,urn:mavedb:00000001-b-2,-0.284943779717654,-0.284943779717654,-0.284943779717654,-0.6351883080382237,0.4492545313629791,0.4492545313629791,0.4492545313629791,-0.4125913434513772,I88
F,F66,T,p.Phe66Thr,66,921,urn:mavedb:00000001-b-2,-0.3593457261552329,-0.3593457261552329,-0.3593457261552329,-0.671725688589095,0.3574607445941921,0.3574607445941921,0.3574607445941921,-0.5244519392917368,F66
I,I22,V,p.Ile22Val,22,922,urn:mavedb:00000001-b-2,0.5256082093972411,0.5256082093972411,0.5256082093972411,-0.3305227655986509,0.9002973905904132,0.9002973905904132,0.9002973905904132,-0.034288926363125305,I22
H,H35,I,p.His35Ile,35,924,urn:mavedb:00000001-b-2,0.7006297477258899,0.7006297477258899,0.7006297477258899,-0.22259696458684647,0.48198995032685205,0.48198995032685205,0.48198995032685205,-0.3288364249578415,H35
Y,Y51,H,p.Tyr51His,51,925,urn:mavedb:00000001-b-2,-0.40702425310311,-0.40702425310311,-0.40702425310311,-0.7003934794828555,0.3034599058372721,0.3034599058372721,0.3034599058372721,-0.567734682405846,Y51
L,L47,K,p.Leu47Lys,47,926,urn:mavedb:00000001-b-2,-0.491680157259855,-0.491680157259855,-0.491680157259855,-0.7380550871275997,0.243456672150493,0.243456672150493,0.243456672150493,-0.6138279932546373,L47
P,P77,V,p.Pro77Val,77,927,urn:mavedb:00000001-b-2,-0.470166684787754,-0.470166684787754,-0.470166684787754,-0.7273749297358066,0.34094992974051697,0.34094992974051697,0.34094992974051697,-0.5413153456998313,P77
Q,Q53,E,p.Gln53Glu,53,928,urn:mavedb:00000001-b-2,1.16052720272089,1.16052720272089,1.16052720272089,0.07476110174255203,0.7116475479870619,0.7116475479870619,0.7116475479870619,-0.11860595840359744,Q53
D,D86,R,p.Asp86Arg,86,929,urn:mavedb:00000001-b-2,-0.365250906773038,-0.365250906773038,-0.365250906773038,-0.6773468240584598,0.24277138376015744,0.24277138376015744,0.24277138376015744,-0.6143901068015738,D86
M,M40,V,p.Met40Val,40,930,urn:mavedb:00000001-b-2,0.9315813057057672,0.9315813057057672,0.9315813057057672,-0.046093310848791424,0.5369711471038293,0.5369711471038293,0.5369711471038293,-0.27037661607644736,M40
T,T76,K,p.Thr76Lys,76,931,urn:mavedb:00000001-b-2,-0.5608147483200989,-0.5608147483200989,-0.5608147483200989,-0.7700955593029792,0.442331663066948,0.442331663066948,0.442331663066948,-0.4277684092186621,T76
K,K16,E,p.Lys16Glu,16,932,urn:mavedb:00000001-b-2,0.823067947132921,0.823067947132921,0.823067947132921,-0.1298482293423271,0.499162731168748,0.499162731168748,0.499162731168748,-0.3046655424395728,K16
D,D86,S,p.Asp86Ser,86,933,urn:mavedb:00000001-b-2,1.03488832961807,1.03488832961807,1.03488832961807,0.022484541877459296,1.6429106201512655,1.6429106201512655,1.6429106201512655,0.0893760539629006,D86
G,G96,Y,p.Gly96Tyr,96,934,urn:mavedb:00000001-b-2,-0.834863143945415,-0.834863143945415,-0.834863143945415,-0.8319280494659921,-0.06963290799297106,-0.06963290799297106,-0.06963290799297106,-0.7582911748173131,G96
L,L24,D,p.Leu24Asp,24,935,urn:mavedb:00000001-b-2,-0.4672710716552561,-0.4672710716552561,-0.4672710716552561,-0.7262507026419336,0.2861178620680099,0.2861178620680099,0.2861178620680099,-0.5789769533445756,L24
E,E20,N,p.Glu20Asn,20,936,urn:mavedb:00000001-b-2,1.22831152744724,1.22831152744724,1.22831152744724,0.09668353007307473,0.8180733929351189,0.8180733929351189,0.8180733929351189,-0.0629567172568859,E20
K,K25,V,p.Lys25Val,25,937,urn:mavedb:00000001-b-2,0.6868518296026161,0.6868518296026161,0.6868518296026161,-0.2349634626194491,1.2972885284105096,1.2972885284105096,1.2972885284105096,0.05621135469364813,K25
H,H43,F,p.His43Phe,43,938,urn:mavedb:00000001-b-2,0.477056927070244,0.477056927070244,0.477056927070244,-0.3569421023046655,0.11172662848773897,0.11172662848773897,0.11172662848773897,-0.6908375491849353,H43
D,D73,R,p.Asp73Arg,73,939,urn:mavedb:00000001-b-2,-0.54645219869467,-0.54645219869467,-0.54645219869467,-0.7639123102866778,0.3026512969580101,0.3026512969580101,0.3026512969580101,-0.5694210230466554,D73
K,K37,W,p.Lys37Trp,37,940,urn:mavedb:00000001-b-2,0.4770924443321301,0.4770924443321301,0.4770924443321301,-0.356379988757729,1.162929010733579,1.162929010733579,1.162929010733579,0.032602585722316,K37
Q,Q69,F,p.Gln69Phe,69,941,urn:mavedb:00000001-b-2,0.5445357895670581,0.5445357895670581,0.5445357895670581,-0.3209668353007307,0.45164706623909207,0.45164706623909207,0.45164706623909207,-0.3889825744800449,Q69
T,T76,H,p.Thr76His,76,942,urn:mavedb:00000001-b-2,-0.801424708594652,-0.801424708594652,-0.801424708594652,-0.8285553681843733,0.20172170279239496,0.20172170279239496,0.20172170279239496,-0.637998875772906,T76
N,N74,D,p.Asn74Asp,74,943,urn:mavedb:00000001-b-2,0.972301028855807,0.972301028855807,0.972301028855807,-0.0202360876897133,0.5961285380639161,0.5961285380639161,0.5961285380639161,-0.20629567172568847,N74
P,P58,N,p.Pro58Asn,58,944,urn:mavedb:00000001-b-2,-0.615304647360288,-0.615304647360288,-0.615304647360288,-0.7869589657110736,0.20054227550513504,0.20054227550513504,0.20054227550513504,-0.6391231028667789,P58
G,G68,P,p.Gly68Pro,68,946,urn:mavedb:00000001-b-2,0.15517950426969102,0.15517950426969102,0.15517950426969102,-0.477796514896009,0.9511084735589291,0.9511084735589291,0.9511084735589291,-0.014052838673412005,G68
T,T42,D,p.Thr42Asp,42,947,urn:mavedb:00000001-b-2,0.229268644780677,0.229268644780677,0.229268644780677,-0.4519392917369308,0.471711532455885,0.471711532455885,0.471711532455885,-0.342327150084317,T42
K,K48,C,p.Lys48Cys,48,948,urn:mavedb:00000001-b-2,-0.756177909429698,-0.756177909429698,-0.756177909429698,-0.8218100056211355,0.22383281795225107,0.22383281795225107,0.22383281795225107,-0.6250702641933671,K48
D,D15,R,p.Asp15Arg,15,949,urn:mavedb:00000001-b-2,0.8717131848304219,0.8717131848304219,0.8717131848304219,-0.08881394041596402,0.5816231591082509,0.5816231591082509,0.5816231591082509,-0.22034851039910053,D15
E,E33,Q,p.Glu33Gln,33,950,urn:mavedb:00000001-b-2,0.525764892100361,0.525764892100361,0.525764892100361,-0.32996065205171443,0.825950800103129,0.825950800103129,0.825950800103129,-0.059584035975266965,E33
L,L44,S,p.Leu44Ser,44,951,urn:mavedb:00000001-b-2,-0.386800527878984,-0.386800527878984,-0.386800527878984,-0.6869027543563799,0.3940616406464121,0.3940616406464121,0.3940616406464121,-0.4794828555368184,L44
Q,Q69,N,p.Gln69Asn,69,952,urn:mavedb:00000001-b-2,0.8784094687700251,0.8784094687700251,0.8784094687700251,-0.08094435075885331,0.7855207454420591,0.7855207454420591,0.7855207454420591,-0.0770095559302979,Q69
I,I71,Q,p.Ile71Gln,71,953,urn:mavedb:00000001-b-2,-0.404968262475945,-0.404968262475945,-0.404968262475945,-0.6987071388420459,0.45164706623909207,0.45164706623909207,0.45164706623909207,-0.3889825744800449,I71
G,G81,I,p.Gly81Ile,81,954,urn:mavedb:00000001-b-2,-0.18863207399483486,-0.18863207399483486,-0.18863207399483486,-0.5862844294547498,-0.0980349014901418,-0.0980349014901418,-0.0980349014901418,-0.7678471051152332,G81
G,G14,T,p.Gly14Thr,14,955,urn:mavedb:00000001-b-2,0.336994042349382,0.336994042349382,0.336994042349382,-0.4103428892636312,-0.060888130771056925,-0.060888130771056925,-0.060888130771056925,-0.7526700393479482,G14
Q,Q53,M,p.Gln53Met,53,956,urn:mavedb:00000001-b-2,-0.12267608858439,-0.12267608858439,-0.12267608858439,-0.5576166385609893,-0.5715557433182181,-0.5715557433182181,-0.5715557433182181,-0.850477796514896,Q53
L,L80,I,p.Leu80Ile,80,957,urn:mavedb:00000001-b-2,-0.54368724800794,-0.54368724800794,-0.54368724800794,-0.7622259696458684,0.3875149694709841,0.3875149694709841,0.3875149694709841,-0.4896008993816751,L80
N,N74,I,p.Asn74Ile,74,958,urn:mavedb:00000001-b-2,0.553846028465524,0.553846028465524,0.553846028465524,-0.31365935919055643,0.17767353767363306,0.17767353767363306,0.17767353767363306,-0.6593591905564924,N74
H,H35,C,p.His35Cys,35,959,urn:mavedb:00000001-b-2,1.02085174169225,1.02085174169225,1.02085174169225,0.014614952220348587,0.8022119442932121,0.8022119442932121,0.8022119442932121,-0.06801573917931414,H35
G,G68,E,p.Gly68Glu,68,960,urn:mavedb:00000001-b-2,-0.34428190305014605,-0.34428190305014605,-0.34428190305014605,-0.6666666666666666,0.45164706623909207,0.45164706623909207,0.45164706623909207,-0.3889825744800449,G68
K,K17,G,p.Lys17Gly,17,961,urn:mavedb:00000001-b-2,0.5258801277735871,0.5258801277735871,0.5258801277735871,-0.329398538504778,0.269921551949201,0.269921551949201,0.269921551949201,-0.5941540191118606,K17
K,K16,N,p.Lys16Asn,16,962,urn:mavedb:00000001-b-2,0.770763473598643,0.770763473598643,0.770763473598643,-0.1742551995503091,0.44685825763447,0.44685825763447,0.44685825763447,-0.4193367060146149,K16
N,N60,P,p.Asn60Pro,60,964,urn:mavedb:00000001-b-2,0.25773559728245,0.25773559728245,0.25773559728245,-0.43901068015739175,0.445293822494911,0.445293822494911,0.445293822494911,-0.4227093872962338,N60
L,L80,G,p.Leu80Gly,80,965,urn:mavedb:00000001-b-2,-0.5031618703739771,-0.5031618703739771,-0.5031618703739771,-0.7442383361439009,0.42804034710494704,0.42804034710494704,0.42804034710494704,-0.4446318156267566,L80
E,E89,T,p.Glu89Thr,89,966,urn:mavedb:00000001-b-2,0.967388083257966,0.967388083257966,0.967388083257966,-0.027543563799887538,0.7776842770630918,0.7776842770630918,0.7776842770630918,-0.0809443507588532,E89
V,V38,T,p.Val38Thr,38,967,urn:mavedb:00000001-b-2,0.903994151677193,0.903994151677193,0.903994151677193,-0.06239460370994944,1.7101662639840356,1.7101662639840356,1.7101662639840356,0.09612141652613836,V38
D,D86,T,p.Asp86Thr,86,968,urn:mavedb:00000001-b-2,0.724585193980297,0.724585193980297,0.724585193980297,-0.2051714446318156,1.3326074845134923,1.3326074845134923,1.3326074845134923,0.06014614952220354,D86
H,H75,P,p.His75Pro,75,969,urn:mavedb:00000001-b-2,0.313175893367505,0.313175893367505,0.313175893367505,-0.418212478920742,0.4187571640208705,0.4187571640208705,0.4187571640208705,-0.4513771781899944,H75
N,N74,Q,p.Asn74Gln,74,970,urn:mavedb:00000001-b-2,0.4521000023642101,0.4521000023642101,0.4521000023642101,-0.3676222596964587,0.07592751157231914,0.07592751157231914,0.07592751157231914,-0.7065767284991568,N74
D,D15,T,p.Asp15Thr,15,971,urn:mavedb:00000001-b-2,0.0722555320074116,0.0722555320074116,0.0722555320074116,-0.5008431703204047,-0.21783449371475944,-0.21783449371475944,-0.21783449371475944,-0.7982012366498032,D15
A,A72,M,p.Ala72Met,72,975,urn:mavedb:00000001-b-2,1.62073337016453,1.62073337016453,1.62073337016453,0.12535132096683532,1.3169828776347619,1.3169828776347619,1.3169828776347619,0.058459808881394126,A72
D,D86,L,p.Asp86Leu,86,976,urn:mavedb:00000001-b-2,-0.6256805316505228,-0.6256805316505228,-0.6256805316505228,-0.7914558740865655,-0.01765824111732739,-0.01765824111732739,-0.01765824111732739,-0.7391793142214726,D86
Q,Q69,S,p.Gln69Ser,69,978,urn:mavedb:00000001-b-2,0.8517259226578139,0.8517259226578139,0.8517259226578139,-0.1034288926363125,0.7588371993298478,0.7588371993298478,0.7588371993298478,-0.09050028105677344,Q69
D,D15,A,p.Asp15Ala,15,979,urn:mavedb:00000001-b-2,0.8677495230101959,0.8677495230101959,0.8677495230101959,-0.09218662169758284,0.5776594972880249,0.5776594972880249,0.5776594972880249,-0.22428330522765594,D15
Y,Y51,M,p.Tyr51Met,51,980,urn:mavedb:00000001-b-2,-0.580145822581,-0.580145822581,-0.580145822581,-0.7768409218662169,0.13033833635938208,0.13033833635938208,0.13033833635938208,-0.6840921866216976,Y51
G,G28,I,p.Gly28Ile,28,982,urn:mavedb:00000001-b-2,1.6700422191025002,1.6700422191025002,1.6700422191025002,0.1275997751545812,2.1796721589534296,2.1796721589534296,2.1796721589534296,0.11073636874648683,G28
G,G28,S,p.Gly28Ser,28,984,urn:mavedb:00000001-b-2,1.3436866733237902,1.3436866733237902,1.3436866733237902,0.11326587970770095,1.8533166131747196,1.8533166131747196,1.8533166131747196,0.10511523327712202,G28
Q,Q94,A,p.Gln94Ala,94,985,urn:mavedb:00000001-b-2,0.969553276662877,0.969553276662877,0.969553276662877,-0.025857223159078124,0.8869832181803441,0.8869832181803441,0.8869832181803441,-0.03991006183249013,Q94
M,M59,G,p.Met59Gly,59,986,urn:mavedb:00000001-b-2,0.113027558737016,0.113027558737016,0.113027558737016,-0.4873524451939292,-0.20787442451973406,-0.20787442451973406,-0.20787442451973406,-0.7942664418212478,M59
I,I34,R,p.Ile34Arg,34,987,urn:mavedb:00000001-b-2,0.23466266015552,0.23466266015552,0.23466266015552,-0.4496908375491849,0.81510020396662,0.81510020396662,0.81510020396662,-0.06520517144463177,I34
E,E84,Y,p.Glu84Tyr,84,988,urn:mavedb:00000001-b-2,0.8046236558064309,0.8046236558064309,0.8046236558064309,-0.14727374929735804,0.45164706623909207,0.45164706623909207,0.45164706623909207,-0.3889825744800449,E84
L,L62,A,p.Leu62Ala,62,989,urn:mavedb:00000001-b-2,-0.849817007362432,-0.849817007362432,-0.849817007362432,-0.8353007307476109,-0.5058450466703031,-0.5058450466703031,-0.5058450466703031,-0.8448566610455311,L62
F,F64,Y,p.Phe64Tyr,64,990,urn:mavedb:00000001-b-2,-0.554740047149934,-0.554740047149934,-0.554740047149934,-0.7684092186621697,0.26418164775044506,0.26418164775044506,0.26418164775044506,-0.6003372681281618,F64
K,K48,Y,p.Lys48Tyr,48,991,urn:mavedb:00000001-b-2,-0.607198095725415,-0.607198095725415,-0.607198095725415,-0.7858347386172007,0.372812631656534,0.372812631656534,0.372812631656534,-0.5092748735244519,K48
R,R63,W,p.Arg63Trp,63,992,urn:mavedb:00000001-b-2,0.981326264759824,0.981326264759824,0.981326264759824,-0.01236649803260259,1.12380051567899,1.12380051567899,1.12380051567899,0.025295109612141653,R63
V,V26,N,p.Val26Asn,26,993,urn:mavedb:00000001-b-2,-0.962879954525175,-0.962879954525175,-0.962879954525175,-0.8476672287802136,-0.4411918106604904,-0.4411918106604904,-0.4411918106604904,-0.8375491849353569,V26
E,E20,I,p.Glu20Ile,20,996,urn:mavedb:00000001-b-2,0.8587112981255959,0.8587112981255959,0.8587112981255959,-0.09836987071388414,0.4484731636134749,0.4484731636134749,0.4484731636134749,-0.41483979763912304,E20
E,E67,K,p.Glu67Lys,67,997,urn:mavedb:00000001-b-2,0.0753962375688151,0.0753962375688151,0.0753962375688151,-0.5002810567734682,0.2386026734925181,0.2386026734925181,0.2386026734925181,-0.6166385609893198,E67
I,I88,F,p.Ile88Phe,88,999,urn:mavedb:00000001-b-2,-0.233419604796754,-0.233419604796754,-0.233419604796754,-0.6070826306913997,0.5007787062838791,0.5007787062838791,0.5007787062838791,-0.30354131534569984,I88
V,V87,D,p.Val87Asp,87,1000,urn:mavedb:00000001-b-2,0.383592319030509,0.383592319030509,0.383592319030509,-0.3912310286677909,-0.03439673594236242,-0.03439673594236242,-0.03439673594236242,-0.7459246767847105,V87
G,G19,N,p.Gly19Asn,19,1001,urn:mavedb:00000001-b-2,0.876405600677878,0.876405600677878,0.876405600677878,-0.0831928049465992,0.5068645799426961,0.5068645799426961,0.5068645799426961,-0.295671725688589,G19
G,G97,F,p.Gly97Phe,97,1002,urn:mavedb:00000001-b-2,0.34639800086625705,0.34639800086625705,0.34639800086625705,-0.4080944350758853,1.0921216916938241,1.0921216916938241,1.0921216916938241,0.01967397414277694,G97
Q,Q94,P,p.Gln94Pro,94,1003,urn:mavedb:00000001-b-2,0.471755821781324,0.471755821781324,0.471755821781324,-0.3614390106801574,0.3891857632987911,0.3891857632987911,0.3891857632987911,-0.4856661045531197,Q94
H,H75,C,p.His75Cys,75,1004,urn:mavedb:00000001-b-2,0.827544988559867,0.827544988559867,0.827544988559867,-0.1259134345137718,0.9331262592132326,0.9331262592132326,0.9331262592132326,-0.0202360876897133,H75
Q,Q29,T,p.Gln29Thr,29,1005,urn:mavedb:00000001-b-2,0.0964538461326275,0.0964538461326275,0.0964538461326275,-0.4929735806632939,0.19182402095042053,0.19182402095042053,0.19182402095042053,-0.6458684654300169,Q29
R,R63,S,p.Arg63Ser,63,1006,urn:mavedb:00000001-b-2,0.349701998272394,0.349701998272394,0.349701998272394,-0.4058459808881394,0.49217624919156,0.49217624919156,0.49217624919156,-0.3181562675660483,R63
L,L80,S,p.Leu80Ser,80,1007,urn:mavedb:00000001-b-2,-0.482506675503385,-0.482506675503385,-0.482506675503385,-0.7329960652051715,0.4486955419755391,0.4486955419755391,0.4486955419755391,-0.4137155705452501,L80
V,V57,W,p.Val57Trp,57,1008,urn:mavedb:00000001-b-2,0.6408220206303511,0.6408220206303511,0.6408220206303511,-0.2636312535132096,0.933694239852778,0.933694239852778,0.933694239852778,-0.019673974142776832,V57
Q,Q53,L,p.Gln53Leu,53,1009,urn:mavedb:00000001-b-2,0.8069445538599659,0.8069445538599659,0.8069445538599659,-0.14221472737492968,0.3580648991261378,0.3580648991261378,0.3580648991261378,-0.5227655986509274,Q53
I,I22,E,p.Ile22Glu,22,1010,urn:mavedb:00000001-b-2,-0.98207329034844,-0.98207329034844,-0.98207329034844,-0.8510399100618324,-0.6073841091552679,-0.6073841091552679,-0.6073841091552679,-0.8577852726250702,I22
M,M82,T,p.Met82Thr,82,1011,urn:mavedb:00000001-b-2,-0.5235453419925621,-0.5235453419925621,-0.5235453419925621,-0.7554806070826307,0.2618528401696789,0.2618528401696789,0.2618528401696789,-0.6025857223159078,M82
E,E84,T,p.Glu84Thr,84,1012,urn:mavedb:00000001-b-2,0.7052152698969941,0.7052152698969941,0.7052152698969941,-0.2192242833052276,0.3522386803296552,0.3522386803296552,0.3522386803296552,-0.5289488476672287,E84
K,K16,C,p.Lys16Cys,16,1013,urn:mavedb:00000001-b-2,0.55112575570935,0.55112575570935,0.55112575570935,-0.3159078133783024,0.22722053974517695,0.22722053974517695,0.22722053974517695,-0.6216975829117481,K16
Y,Y91,A,p.Tyr91Ala,91,1014,urn:mavedb:00000001-b-2,0.28850324816213296,0.28850324816213296,0.28850324816213296,-0.42776840921866216,0.4537677855298894,0.4537677855298894,0.4537677855298894,-0.3631253513209668,Y91
P,P58,Q,p.Pro58Gln,58,1015,urn:mavedb:00000001-b-2,0.34892095799374,0.34892095799374,0.34892095799374,-0.4064080944350759,1.164767880859163,1.164767880859163,1.164767880859163,0.034288926363125416,P58
I,I22,N,p.Ile22Asn,22,1017,urn:mavedb:00000001-b-2,-0.413633566852484,-0.413633566852484,-0.413633566852484,-0.7015177065767284,-0.03894438565931185,-0.03894438565931185,-0.03894438565931185,-0.7481731309724564,I22
F,F66,H,p.Phe66His,66,1018,urn:mavedb:00000001-b-2,0.997388028113056,0.997388028113056,0.997388028113056,-0.0011242270938729426,1.7141944988624809,1.7141944988624809,1.7141944988624809,0.09724564362001133,F66
S,S31,G,p.Ser31Gly,31,1019,urn:mavedb:00000001-b-2,0.655262433960982,0.655262433960982,0.655262433960982,-0.25463743676222594,0.6253242505848151,0.6253242505848151,0.6253242505848151,-0.17875210792580098,S31
G,G14,Y,p.Gly14Tyr,14,1020,urn:mavedb:00000001-b-2,1.17195024773801,1.17195024773801,1.17195024773801,0.08206857785272625,0.774068074617571,0.774068074617571,0.774068074617571,-0.0831928049465992,G14
Q,Q55,K,p.Gln55Lys,55,1021,urn:mavedb:00000001-b-2,1.28658412044949,1.28658412044949,1.28658412044949,0.10455311973018556,0.9574256404204428,0.9574256404204428,0.9574256404204428,-0.012928611579539062,Q55
K,K37,N,p.Lys37Asn,37,1023,urn:mavedb:00000001-b-2,0.0253662623001632,0.0253662623001632,0.0253662623001632,-0.5154581225407532,0.7112028287016121,0.7112028287016121,0.7112028287016121,-0.12029229904440696,K37
Q,Q69,P,p.Gln69Pro,69,1024,urn:mavedb:00000001-b-2,0.382947922857375,0.382947922857375,0.382947922857375,-0.3917931422147273,0.2900591995294089,0.2900591995294089,0.2900591995294089,-0.5761663856098931,Q69
K,K25,H,p.Lys25His,25,1025,urn:mavedb:00000001-b-2,1.207769890402,1.207769890402,1.207769890402,0.09274873524451943,1.8182065892098933,1.8182065892098933,1.8182065892098933,0.10455311973018556,K25
P,P58,L,p.Pro58Leu,58,1026,urn:mavedb:00000001-b-2,0.602333070809184,0.602333070809184,0.602333070809184,-0.2855536818437324,1.418179993674607,1.418179993674607,1.418179993674607,0.07026419336706025,P58
Q,Q29,V,p.Gln29Val,29,1027,urn:mavedb:00000001-b-2,-0.443911332846645,-0.443911332846645,-0.443911332846645,-0.7121978639685216,-0.348541158028852,-0.348541158028852,-0.348541158028852,-0.8263069139966273,Q29
G,G28,E,p.Gly28Glu,28,1028,urn:mavedb:00000001-b-2,0.00866016629732133,0.00866016629732133,0.00866016629732133,-0.5193929173693086,0.5182901061482507,0.5182901061482507,0.5182901061482507,-0.2861157953906689,G28
L,L24,R,p.Leu24Arg,24,1029,urn:mavedb:00000001-b-2,-0.4001618429111041,-0.4001618429111041,-0.4001618429111041,-0.6947723440134908,0.35322709081216186,0.35322709081216186,0.35322709081216186,-0.5283867341202922,L24
L,L44,F,p.Leu44Phe,44,1030,urn:mavedb:00000001-b-2,1.01226265433347,1.01226265433347,1.01226265433347,0.010118043844856706,1.7931248228588659,1.7931248228588659,1.7931248228588659,0.10230466554243968,L44
L,L24,V,p.Leu24Val,24,1031,urn:mavedb:00000001-b-2,0.972107332169302,0.972107332169302,0.972107332169302,-0.021922428330522714,1.7254962658925683,1.7254962658925683,1.7254962658925683,0.09893198426082073,L24
G,G96,V,p.Gly96Val,96,1032,urn:mavedb:00000001-b-2,-1.64089092119371,-1.64089092119371,-1.64089092119371,-0.8679033164699269,-0.8756606852412661,-0.8756606852412661,-0.8756606852412661,-0.8740865654862282,G96
R,R63,A,p.Arg63Ala,63,1033,urn:mavedb:00000001-b-2,-0.264744242118099,-0.264744242118099,-0.264744242118099,-0.623946037099494,-0.12226999119893302,-0.12226999119893302,-0.12226999119893302,-0.7717818999437887,R63
G,G56,K,p.Gly56Lys,56,1034,urn:mavedb:00000001-b-2,-0.5152452481859809,-0.5152452481859809,-0.5152452481859809,-0.7521079258010118,-0.4134320253217309,-0.4134320253217309,-0.4134320253217309,-0.8347386172006745,G56
E,E83,W,p.Glu83Trp,83,1035,urn:mavedb:00000001-b-2,0.445361854173541,0.445361854173541,0.445361854173541,-0.3709949409780776,0.004342084486113951,0.004342084486113951,0.004342084486113951,-0.7307476110174255,E83
P,P77,I,p.Pro77Ile,77,1037,urn:mavedb:00000001-b-2,-0.7263166396897471,-0.7263166396897471,-0.7263166396897471,-0.8156267566048342,0.08479997483852386,0.08479997483852386,0.08479997483852386,-0.7037661607644744,P77
R,R70,T,p.Arg70Thr,70,1038,urn:mavedb:00000001-b-2,0.8287886430416709,0.8287886430416709,0.8287886430416709,-0.1236649803260258,0.4508110490233145,0.4508110490233145,0.4508110490233145,-0.4109050028105677,R70
K,K39,T,p.Lys39Thr,39,1041,urn:mavedb:00000001-b-2,0.374781580030808,0.374781580030808,0.374781580030808,-0.39460370994940974,0.445813117942695,0.445813117942695,0.445813117942695,-0.4210230466554243,K39
I,I71,N,p.Ile71Asn,71,1042,urn:mavedb:00000001-b-2,-0.47966456891331,-0.47966456891331,-0.47966456891331,-0.7318718381112985,0.3769507598017271,0.3769507598017271,0.3769507598017271,-0.5053400786958966,I71
Q,Q29,P,p.Gln29Pro,29,1044,urn:mavedb:00000001-b-2,0.87352799875059,0.87352799875059,0.87352799875059,-0.08600337268128155,0.968898173568383,0.968898173568383,0.968898173568383,-0.008431703204047179,Q29
E,E20,R,p.Glu20Arg,20,1045,urn:mavedb:00000001-b-2,1.03340919174636,1.03340919174636,1.03340919174636,0.021360314783586357,0.6231710572342389,0.6231710572342389,0.6231710572342389,-0.18100056211354687,E20
L,L62,R,p.Leu62Arg,62,1046,urn:mavedb:00000001-b-2,1.45843737333631,1.45843737333631,1.45843737333631,0.12085441259134345,1.8024093340284388,1.8024093340284388,1.8024093340284388,0.10399100618324908,L62
M,M40,G,p.Met40Gly,40,1047,urn:mavedb:00000001-b-2,0.657889532285544,0.657889532285544,0.657889532285544,-0.2529510961214165,0.2632793736836061,0.2632793736836061,0.2632793736836061,-0.6008993816750983,M40
V,V38,P,p.Val38Pro,38,1049,urn:mavedb:00000001-b-2,-0.5304051983593739,-0.5304051983593739,-0.5304051983593739,-0.7577290612703766,0.2757669139474685,0.2757669139474685,0.2757669139474685,-0.5890949971894321,V38
Q,Q69,W,p.Gln69Trp,69,1050,urn:mavedb:00000001-b-2,0.317787414534547,0.317787414534547,0.317787414534547,-0.4165261382799325,0.22489869120658096,0.22489869120658096,0.22489869120658096,-0.623946037099494,Q69
E,E84,A,p.Glu84Ala,84,1051,urn:mavedb:00000001-b-2,0.6171891459643989,0.6171891459643989,0.6171891459643989,-0.27880831928049465,0.26421255639706,0.26421255639706,0.26421255639706,-0.5997751545812253,E84
V,V38,R,p.Val38Arg,38,1052,urn:mavedb:00000001-b-2,-0.581529639880171,-0.581529639880171,-0.581529639880171,-0.7774030354131535,0.22464247242667146,0.22464247242667146,0.22464247242667146,-0.6245081506464305,V38
H,H75,T,p.His75Thr,75,1053,urn:mavedb:00000001-b-2,0.7250097631143699,0.7250097631143699,0.7250097631143699,-0.2046093310848791,0.8305910337677354,0.8305910337677354,0.8305910337677354,-0.05733558178752107,H75
K,K16,T,p.Lys16Thr,16,1054,urn:mavedb:00000001-b-2,0.7717540435758421,0.7717540435758421,0.7717540435758421,-0.17313097245643616,0.4478488276116691,0.4478488276116691,0.4478488276116691,-0.4165261382799325,K16
V,V90,A,p.Val90Ala,90,1055,urn:mavedb:00000001-b-2,1.12049545158853,1.12049545158853,1.12049545158853,0.06183249016301296,1.7131509629703332,1.7131509629703332,1.7131509629703332,0.09668353007307484,V90
F,F36,R,p.Phe36Arg,36,1056,urn:mavedb:00000001-b-2,-0.238455341323221,-0.238455341323221,-0.238455341323221,-0.609893198426082,0.5085295403232271,0.5085295403232271,0.5085295403232271,-0.29342327150084313,F36
S,S50,A,p.Ser50Ala,50,1057,urn:mavedb:00000001-b-2,0.916673145847484,0.916673145847484,0.916673145847484,-0.054525014052838605,0.42982875192588205,0.42982875192588205,0.42982875192588205,-0.4429454749859471,S50
I,I27,L,p.Ile27Leu,27,1058,urn:mavedb:00000001-b-2,1.19790575588107,1.19790575588107,1.19790575588107,0.08937605396290049,1.4467004115963,1.4467004115963,1.4467004115963,0.07419898819561555,I27
Q,Q53,H,p.Gln53His,53,1059,urn:mavedb:00000001-b-2,1.11177286562668,1.11177286562668,1.11177286562668,0.058459808881394015,0.6628932108928518,0.6628932108928518,0.6628932108928518,-0.1562675660483417,Q53
E,E18,N,p.Glu18Asn,18,1060,urn:mavedb:00000001-b-2,0.8339308627163591,0.8339308627163591,0.8339308627163591,-0.11916807195053405,0.4912610033840431,0.4912610033840431,0.4912610033840431,-0.3198426082068577,E18
E,E93,G,p.Glu93Gly,93,1061,urn:mavedb:00000001-b-2,0.4898802835675429,0.4898802835675429,0.4898802835675429,-0.34794828555368185,0.2798286809301729,0.2798286809301729,0.2798286809301729,-0.5851602023608768,E93
R,R70,V,p.Arg70Val,70,1062,urn:mavedb:00000001-b-2,0.8728779044005609,0.8728779044005609,0.8728779044005609,-0.08712759977515461,0.4949003103822045,0.4949003103822045,0.4949003103822045,-0.3114109050028105,R70
Q,Q94,E,p.Gln94Glu,94,1063,urn:mavedb:00000001-b-2,0.290172082323915,0.290172082323915,0.290172082323915,-0.4272062956717257,0.20760202384138204,0.20760202384138204,0.20760202384138204,-0.6335019673974143,Q94
V,V87,A,p.Val87Ala,87,1064,urn:mavedb:00000001-b-2,0.960525151620774,0.960525151620774,0.960525151620774,-0.03147835862844295,0.5425360966479027,0.5425360966479027,0.5425360966479027,-0.2647554806070825,V87
G,G19,E,p.Gly19Glu,19,1065,urn:mavedb:00000001-b-2,0.967666361053968,0.967666361053968,0.967666361053968,-0.02698145025295107,0.5981253403187861,0.5981253403187861,0.5981253403187861,-0.2051714446318156,G19
I,I88,M,p.Ile88Met,88,1066,urn:mavedb:00000001-b-2,0.103859908241149,0.103859908241149,0.103859908241149,-0.4912872400224845,0.838058219321782,0.838058219321782,0.838058219321782,-0.05396290050590213,I88
E,E93,A,p.Glu93Ala,93,1067,urn:mavedb:00000001-b-2,0.5270274908465189,0.5270274908465189,0.5270274908465189,-0.3288364249578415,0.3169758882091489,0.3169758882091489,0.3169758882091489,-0.5587408656548623,E93
E,E93,K,p.Glu93Lys,93,1068,urn:mavedb:00000001-b-2,0.232722317257917,0.232722317257917,0.232722317257917,-0.4502529510961214,0.022670714620547008,0.022670714620547008,0.022670714620547008,-0.7262507026419336,E93
S,S32,I,p.Ser32Ile,32,1069,urn:mavedb:00000001-b-2,0.703951871938193,0.703951871938193,0.703951871938193,-0.22034851039910064,0.6511847802635921,0.6511847802635921,0.6511847802635921,-0.16469926925238898,S32
T,T95,K,p.Thr95Lys,95,1070,urn:mavedb:00000001-b-2,-0.267844056951239,-0.267844056951239,-0.267844056951239,-0.6250702641933671,-0.3894508043440549,-0.3894508043440549,-0.3894508043440549,-0.8319280494659921,T95
Q,Q94,S,p.Gln94Ser,94,1071,urn:mavedb:00000001-b-2,0.947747897677383,0.947747897677383,0.947747897677383,-0.03822372119168072,0.86517783919485,0.86517783919485,0.86517783919485,-0.04553119730185495,Q94
L,L44,H,p.Leu44His,44,1072,urn:mavedb:00000001-b-2,-0.40097297423475103,-0.40097297423475103,-0.40097297423475103,-0.6958965711073637,0.37988919429064505,0.37988919429064505,0.37988919429064505,-0.5002810567734681,L44
I,I27,E,p.Ile27Glu,27,1073,urn:mavedb:00000001-b-2,-0.981960925975735,-0.981960925975735,-0.981960925975735,-0.850477796514896,-0.7331662702605051,-0.7331662702605051,-0.7331662702605051,-0.8673412029229904,I27
Y,Y51,G,p.Tyr51Gly,51,1074,urn:mavedb:00000001-b-2,-0.574178205484507,-0.574178205484507,-0.574178205484507,-0.7751545812254075,0.13630595345587504,0.13630595345587504,0.13630595345587504,-0.6807195053400786,Y51
S,S32,A,p.Ser32Ala,32,1075,urn:mavedb:00000001-b-2,0.993844347715764,0.993844347715764,0.993844347715764,-0.003934794828555299,0.9410772560411632,0.9410772560411632,0.9410772560411632,-0.017987633501967304,S32
F,F64,G,p.Phe64Gly,64,1076,urn:mavedb:00000001-b-2,-0.430736989752892,-0.430736989752892,-0.430736989752892,-0.7082630691399663,0.3881847051474871,0.3881847051474871,0.3881847051474871,-0.4879145587408656,F64
Q,Q69,I,p.Gln69Ile,69,1077,urn:mavedb:00000001-b-2,-0.274872369320328,-0.274872369320328,-0.274872369320328,-0.6284429454749859,-0.3677610926482941,-0.3677610926482941,-0.3677610926482941,-0.8296795952782462,Q69
N,N60,K,p.Asn60Lys,60,1078,urn:mavedb:00000001-b-2,0.26990787532009697,0.26990787532009697,0.26990787532009697,-0.43395165823496346,0.457466100532558,0.457466100532558,0.457466100532558,-0.3591905564924114,N60
S,S50,E,p.Ser50Glu,50,1079,urn:mavedb:00000001-b-2,0.34410734312157,0.34410734312157,0.34410734312157,-0.4092186621697583,-0.14273705080003207,-0.14273705080003207,-0.14273705080003207,-0.7734682405845981,S50
G,G56,V,p.Gly56Val,56,1080,urn:mavedb:00000001-b-2,-0.105479319479013,-0.105479319479013,-0.105479319479013,-0.5519955030916245,-0.003666096614762957,-0.003666096614762957,-0.003666096614762957,-0.7324339516582349,G56
I,I34,N,p.Ile34Asn,34,1081,urn:mavedb:00000001-b-2,-0.285153721942726,-0.285153721942726,-0.285153721942726,-0.6357504215851602,0.29528382186837404,0.29528382186837404,0.29528382186837404,-0.5744800449690837,I34
T,T41,W,p.Thr41Trp,41,1082,urn:mavedb:00000001-b-2,-0.365434974230806,-0.365434974230806,-0.365434974230806,-0.6779089376053963,0.14793408027539784,0.14793408027539784,0.14793408027539784,-0.6739741427768409,T41
F,F66,V,p.Phe66Val,66,1083,urn:mavedb:00000001-b-2,-0.388837044138346,-0.388837044138346,-0.388837044138346,-0.6897133220910624,0.32796942661107903,0.32796942661107903,0.32796942661107903,-0.5508712759977514,F66
E,E85,K,p.Glu85Lys,85,1084,urn:mavedb:00000001-b-2,1.16153867068679,1.16153867068679,1.16153867068679,0.07757166947723437,0.5700680932647421,0.5700680932647421,0.5700680932647421,-0.2377740303541315,E85
I,I71,W,p.Ile71Trp,71,1085,urn:mavedb:00000001-b-2,-0.483724345243425,-0.483724345243425,-0.483724345243425,-0.7335581787521079,0.37289098347161204,0.37289098347161204,0.37289098347161204,-0.5087127599775154,I71
K,K46,D,p.Lys46Asp,46,1086,urn:mavedb:00000001-b-2,0.163667953668944,0.163667953668944,0.163667953668944,-0.4749859471613266,0.03626789123054314,0.03626789123054314,0.03626789123054314,-0.7206295671725689,K46
G,G97,R,p.Gly97Arg,97,1087,urn:mavedb:00000001-b-2,-0.197389060974035,-0.197389060974035,-0.197389060974035,-0.5907813378302417,0.5483346298535319,0.5483346298535319,0.5483346298535319,-0.2574480044969083,G97
Q,Q55,Y,p.Gln55Tyr,55,1088,urn:mavedb:00000001-b-2,1.01575641958985,1.01575641958985,1.01575641958985,0.011242270938729648,0.6865979395608031,0.6865979395608031,0.6865979395608031,-0.13434513771781895,Q55
I,I22,Q,p.Ile22Gln,22,1089,urn:mavedb:00000001-b-2,-0.2463934396909289,-0.2463934396909289,-0.2463934396909289,-0.6138279932546374,0.12829574150224324,0.12829574150224324,0.12829574150224324,-0.6852164137155705,I22
Q,Q29,K,p.Gln29Lys,29,1091,urn:mavedb:00000001-b-2,1.37302543557762,1.37302543557762,1.37302543557762,0.1157953906689152,1.468395610395413,1.468395610395413,1.468395610395413,0.07813378302417097,Q29
G,G28,T,p.Gly28Thr,28,1093,urn:mavedb:00000001-b-2,-0.952662200404158,-0.952662200404158,-0.952662200404158,-0.8454187745924676,-0.44303226055322864,-0.44303226055322864,-0.44303226055322864,-0.8392355255761663,G28
E,E84,I,p.Glu84Ile,84,1094,urn:mavedb:00000001-b-2,-1.0161623657884302,-1.0161623657884302,-1.0161623657884302,-0.8549747048903878,-1.3691389553557691,-1.3691389553557691,-1.3691389553557691,-0.8853288364249577,E84
H,H35,N,p.His35Asn,35,1095,urn:mavedb:00000001-b-2,0.67028686363813,0.67028686363813,0.67028686363813,-0.2462057335581788,0.45164706623909207,0.45164706623909207,0.45164706623909207,-0.3889825744800449,H35
E,E79,T,p.Glu79Thr,79,1096,urn:mavedb:00000001-b-2,-0.35146606242877504,-0.35146606242877504,-0.35146606242877504,-0.6683530073074762,-0.19550161510515998,-0.19550161510515998,-0.19550161510515998,-0.788645306351883,E79
E,E93,W,p.Glu93Trp,93,1097,urn:mavedb:00000001-b-2,1.1336210153523,1.1336210153523,1.1336210153523,0.06632939853850484,0.92356941271493,0.92356941271493,0.92356941271493,-0.025857223159078124,E93
E,E18,Y,p.Glu18Tyr,18,1098,urn:mavedb:00000001-b-2,0.6925561025346321,0.6925561025346321,0.6925561025346321,-0.22878021360314785,0.3498862432023161,0.3498862432023161,0.3498862432023161,-0.5317594154019112,E18
F,F64,K,p.Phe64Lys,64,1099,urn:mavedb:00000001-b-2,-0.381188573654276,-0.381188573654276,-0.381188573654276,-0.684654300168634,0.43773312124610303,0.43773312124610303,0.43773312124610303,-0.4339516582349634,F64
E,E83,M,p.Glu83Met,83,1101,urn:mavedb:00000001-b-2,1.12168873671558,1.12168873671558,1.12168873671558,0.0629567172568859,0.6806689670281529,0.6806689670281529,0.6806689670281529,-0.13884204609331086,E83
K,K37,V,p.Lys37Val,37,1102,urn:mavedb:00000001-b-2,-0.649181150101521,-0.649181150101521,-0.649181150101521,-0.7987633501967397,0.03665541629992797,0.03665541629992797,0.03665541629992797,-0.7195053400786958,K37
F,F36,H,p.Phe36His,36,1104,urn:mavedb:00000001-b-2,-0.4864955792095521,-0.4864955792095521,-0.4864955792095521,-0.7352445193929174,0.26048930243689594,0.26048930243689594,0.26048930243689594,-0.6031478358628443,F36
F,F64,Q,p.Phe64Gln,64,1105,urn:mavedb:00000001-b-2,0.313400294040653,0.313400294040653,0.313400294040653,-0.4176503653738055,1.132321988941032,1.132321988941032,1.132321988941032,0.026981450252951174,F64
V,V38,N,p.Val38Asn,38,1107,urn:mavedb:00000001-b-2,-0.6744953922365541,-0.6744953922365541,-0.6744953922365541,-0.8038223721191681,0.1316767200702884,0.1316767200702884,0.1316767200702884,-0.6835300730747611,V38
L,L44,T,p.Leu44Thr,44,1108,urn:mavedb:00000001-b-2,-0.585638560066651,-0.585638560066651,-0.585638560066651,-0.7785272625070264,0.19522360845874495,0.19522360845874495,0.19522360845874495,-0.6430578976953344,L44
F,F36,G,p.Phe36Gly,36,1109,urn:mavedb:00000001-b-2,-0.290203565228748,-0.290203565228748,-0.290203565228748,-0.637998875772906,0.4567813164177001,0.4567813164177001,0.4567813164177001,-0.3608768971332209,F36
S,S32,V,p.Ser32Val,32,1110,urn:mavedb:00000001-b-2,1.22916594556646,1.22916594556646,1.22916594556646,0.09780775716694777,1.1763988538918588,1.1763988538918588,1.1763988538918588,0.03597526700393483,S32
V,V90,E,p.Val90Glu,90,1111,urn:mavedb:00000001-b-2,-0.4745061969078471,-0.4745061969078471,-0.4745061969078471,-0.7290612703766159,0.11814931447395595,0.11814931447395595,0.11814931447395595,-0.6891512085441258,V90
V,V38,D,p.Val38Asp,38,1112,urn:mavedb:00000001-b-2,-0.229599603193112,-0.229599603193112,-0.229599603193112,-0.6053962900505903,0.5765725091137305,0.5765725091137305,0.5765725091137305,-0.2259696458684653,V38
D,D30,T,p.Asp30Thr,30,1113,urn:mavedb:00000001-b-2,0.546230439430287,0.546230439430287,0.546230439430287,-0.31928049465992125,0.7888001472036665,0.7888001472036665,0.7888001472036665,-0.07532321528948838,D30
H,H35,V,p.His35Val,35,1114,urn:mavedb:00000001-b-2,0.643713440948764,0.643713440948764,0.643713440948764,-0.2619449128724002,0.4250736435497261,0.4250736435497261,0.4250736435497261,-0.44744238336143893,H35
A,A72,H,p.Ala72His,72,1115,urn:mavedb:00000001-b-2,0.5802954690448929,0.5802954690448929,0.5802954690448929,-0.3001686340640809,0.276544976515125,0.276544976515125,0.276544976515125,-0.5885328836424957,A72
I,I71,D,p.Ile71Asp,71,1116,urn:mavedb:00000001-b-2,-0.216139878918666,-0.216139878918666,-0.216139878918666,-0.5958403597526701,0.6404754497963709,0.6404754497963709,0.6404754497963709,-0.16975829117481722,I71
K,K45,D,p.Lys45Asp,45,1117,urn:mavedb:00000001-b-2,0.6122565116605021,0.6122565116605021,0.6122565116605021,-0.2821810005621135,0.3783810205969762,0.3783810205969762,0.3783810205969762,-0.5030916245081506,K45
T,T42,C,p.Thr42Cys,42,1118,urn:mavedb:00000001-b-2,0.494862479205438,0.494862479205438,0.494862479205438,-0.3462619449128723,0.7373053668806461,0.7373053668806461,0.7373053668806461,-0.10061832490163004,T42
D,D86,I,p.Asp86Ile,86,1119,urn:mavedb:00000001-b-2,-0.382622519486946,-0.382622519486946,-0.382622519486946,-0.6857785272625071,0.22539977104624945,0.22539977104624945,0.22539977104624945,-0.6233839235525576,D86
E,E89,G,p.Glu89Gly,89,1120,urn:mavedb:00000001-b-2,0.8821355147531441,0.8821355147531441,0.8821355147531441,-0.07925801011804379,0.6924317085582701,0.6924317085582701,0.6924317085582701,-0.1315345699831365,E89
G,G56,H,p.Gly56His,56,1121,urn:mavedb:00000001-b-2,1.15975237671427,1.15975237671427,1.15975237671427,0.07419898819561555,1.26156559957852,1.26156559957852,1.26156559957852,0.05171444631815636,G56
R,R54,W,p.Arg54Trp,54,1122,urn:mavedb:00000001-b-2,-1.12405502561211,-1.12405502561211,-1.12405502561211,-0.8628442945474986,-0.7872024429022111,-0.7872024429022111,-0.7872024429022111,-0.8707138842046093,R54
R,R54,Y,p.Arg54Tyr,54,1123,urn:mavedb:00000001-b-2,-0.493438687295649,-0.493438687295649,-0.493438687295649,-0.7391793142214726,-0.15658610458574998,-0.15658610458574998,-0.15658610458574998,-0.7774030354131534,R54
M,M59,D,p.Met59Asp,59,1124,urn:mavedb:00000001-b-2,1.85231187457321,1.85231187457321,1.85231187457321,0.13153456998313662,1.5314098913164598,1.5314098913164598,1.5314098913164598,0.08094435075885331,M59
E,E83,Y,p.Glu83Tyr,83,1126,urn:mavedb:00000001-b-2,0.849602235137213,0.849602235137213,0.849602235137213,-0.10680157391793144,0.4085824654497859,0.4085824654497859,0.4085824654497859,-0.4648679033164699,E83
K,K16,W,p.Lys16Trp,16,1127,urn:mavedb:00000001-b-2,0.236384748580237,0.236384748580237,0.236384748580237,-0.4485666104553119,-0.08752046738393597,-0.08752046738393597,-0.08752046738393597,-0.7633501967397414,K16
E,E93,P,p.Glu93Pro,93,1128,urn:mavedb:00000001-b-2,0.259596982689202,0.259596982689202,0.259596982689202,-0.4384485666104553,0.04954538005183201,0.04954538005183201,0.04954538005183201,-0.7144463181562675,E93
I,I22,S,p.Ile22Ser,22,1130,urn:mavedb:00000001-b-2,0.240845106651929,0.240845106651929,0.240845106651929,-0.4468802698145025,0.6155342878451011,0.6155342878451011,0.6155342878451011,-0.18774592467678464,I22
L,L44,V,p.Leu44Val,44,1131,urn:mavedb:00000001-b-2,-0.6883143360055479,-0.6883143360055479,-0.6883143360055479,-0.8055087127599775,0.0925478325198481,0.0925478325198481,0.0925478325198481,-0.6992692523889825,L44
E,E79,A,p.Glu79Ala,79,1132,urn:mavedb:00000001-b-2,0.295682618915477,0.295682618915477,0.295682618915477,-0.4255199550309162,0.45164706623909207,0.45164706623909207,0.45164706623909207,-0.3889825744800449,E79
E,E33,A,p.Glu33Ala,33,1133,urn:mavedb:00000001-b-2,0.283301006788463,0.283301006788463,0.283301006788463,-0.43114109050028093,0.5834869147912309,0.5834869147912309,0.5834869147912309,-0.21810005621135464,E33
D,D73,H,p.Asp73His,73,1134,urn:mavedb:00000001-b-2,-0.020678203461295,-0.020678203461295,-0.020678203461295,-0.5289488476672288,0.828425292191385,0.828425292191385,0.828425292191385,-0.05789769533445754,D73
G,G97,V,p.Gly97Val,97,1135,urn:mavedb:00000001-b-2,-0.14998023098941,-0.14998023098941,-0.14998023098941,-0.5727937043282743,0.5957434598381568,0.5957434598381568,0.5957434598381568,-0.20685778527262502,G97
E,E84,M,p.Glu84Met,84,1136,urn:mavedb:00000001-b-2,-0.941359934030602,-0.941359934030602,-0.941359934030602,-0.8437324339516582,-1.294336523597941,-1.294336523597941,-1.294336523597941,-0.8842046093310848,E84
E,E18,C,p.Glu18Cys,18,1138,urn:mavedb:00000001-b-2,0.112940257137266,0.112940257137266,0.112940257137266,-0.4879145587408656,-0.22972960219505,-0.22972960219505,-0.22972960219505,-0.7998875772906127,E18
P,P77,K,p.Pro77Lys,77,1139,urn:mavedb:00000001-b-2,-0.0506555675833649,-0.0506555675833649,-0.0506555675833649,-0.5373805508712759,0.7604610469449061,0.7604610469449061,0.7604610469449061,-0.08993816750983696,P77
D,D86,Y,p.Asp86Tyr,86,1140,urn:mavedb:00000001-b-2,0.29167230085246504,0.29167230085246504,0.29167230085246504,-0.4266441821247892,0.8996945913856604,0.8996945913856604,0.8996945913856604,-0.034851039910061776,D86
R,R70,Q,p.Arg70Gln,70,1142,urn:mavedb:00000001-b-2,1.57361625839864,1.57361625839864,1.57361625839864,0.12478920741989885,1.1956386643802834,1.1956386643802834,1.1956386643802834,0.0387858347386173,R70
R,R63,I,p.Arg63Ile,63,1143,urn:mavedb:00000001-b-2,0.5742338700921451,0.5742338700921451,0.5742338700921451,-0.30297920179876336,0.7167081210113111,0.7167081210113111,0.7167081210113111,-0.11523327712197863,R63
H,H75,I,p.His75Ile,75,1144,urn:mavedb:00000001-b-2,0.35814884153289506,0.35814884153289506,0.35814884153289506,-0.4024732996065205,0.4637301121862605,0.4637301121862605,0.4637301121862605,-0.3496346261944913,H75
L,L44,E,p.Leu44Glu,44,1145,urn:mavedb:00000001-b-2,-0.45872250955857,-0.45872250955857,-0.45872250955857,-0.7217537942664418,0.322139658966826,0.322139658966826,0.322139658966826,-0.5536818437324339,L44
K,K16,A,p.Lys16Ala,16,1146,urn:mavedb:00000001-b-2,0.8499778353302191,0.8499778353302191,0.8499778353302191,-0.10623946037099496,0.5260726193660461,0.5260726193660461,0.5260726193660461,-0.27880831928049465,K16
K,K46,S,p.Lys46Ser,46,1147,urn:mavedb:00000001-b-2,0.25083163687831195,0.25083163687831195,0.25083163687831195,-0.4440697020798201,0.1234315744399111,0.1234315744399111,0.1234315744399111,-0.6869027543563799,K46
K,K25,M,p.Lys25Met,25,1148,urn:mavedb:00000001-b-2,-0.268597921641461,-0.268597921641461,-0.268597921641461,-0.62619449128724,0.3418387771664325,0.3418387771664325,0.3418387771664325,-0.5396290050590219,K25
K,K48,H,p.Lys48His,48,1149,urn:mavedb:00000001-b-2,-1.01177931209882,-1.01177931209882,-1.01177931209882,-0.8544125913434514,-0.03176858471687083,-0.03176858471687083,-0.03176858471687083,-0.7448004496908375,K48
E,E18,I,p.Glu18Ile,18,1150,urn:mavedb:00000001-b-2,0.678913425727062,0.678913425727062,0.678913425727062,-0.2411467116357504,0.3362435663947461,0.3362435663947461,0.3362435663947461,-0.5446880269814502,E18
V,V38,E,p.Val38Glu,38,1151,urn:mavedb:00000001-b-2,-0.5557148625657049,-0.5557148625657049,-0.5557148625657049,-0.7689713322091062,0.2504572497411376,0.2504572497411376,0.2504572497411376,-0.6087689713322091,V38
E,E20,K,p.Glu20Lys,20,1152,urn:mavedb:00000001-b-2,0.9770398733020408,0.9770398733020408,0.9770398733020408,-0.01630129286115789,0.5668017387899198,0.5668017387899198,0.5668017387899198,-0.2400224845418775,E20
Y,Y91,R,p.Tyr91Arg,91,1153,urn:mavedb:00000001-b-2,0.2976112654599989,0.2976112654599989,0.2976112654599989,-0.4243957279370433,0.4628758028277554,0.4628758028277554,0.4628758028277554,-0.3507588532883642,Y91
P,P58,D,p.Pro58Asp,58,1154,urn:mavedb:00000001-b-2,-0.38234864670347496,-0.38234864670347496,-0.38234864670347496,-0.6852164137155705,0.4334982761619481,0.4334982761619481,0.4334982761619481,-0.4378864530635188,P58
K,K45,A,p.Lys45Ala,45,1155,urn:mavedb:00000001-b-2,0.951061249950366,0.951061249950366,0.951061249950366,-0.0365373805508713,0.7171857588868401,0.7171857588868401,0.7171857588868401,-0.11410905002810567,K45
P,P58,A,p.Pro58Ala,58,1156,urn:mavedb:00000001-b-2,0.612288300892569,0.612288300892569,0.612288300892569,-0.281618887015177,1.428135223757992,1.428135223757992,1.428135223757992,0.07251264755480613,P58
E,E67,T,p.Glu67Thr,67,1159,urn:mavedb:00000001-b-2,-0.669932535972294,-0.669932535972294,-0.669932535972294,-0.8026981450252951,-0.506726100048591,-0.506726100048591,-0.506726100048591,-0.8454187745924676,E67
I,I27,N,p.Ile27Asn,27,1160,urn:mavedb:00000001-b-2,0.6309241737769461,0.6309241737769461,0.6309241737769461,-0.27093872962338394,0.8797188294921761,0.8797188294921761,0.8797188294921761,-0.041596402473299536,I27
G,G96,F,p.Gly96Phe,96,1162,urn:mavedb:00000001-b-2,-0.13918858392431,-0.13918858392431,-0.13918858392431,-0.567734682405846,0.626041652028134,0.626041652028134,0.626041652028134,-0.17762788083192804,G96
S,S50,Y,p.Ser50Tyr,50,1163,urn:mavedb:00000001-b-2,-0.17674234159847502,-0.17674234159847502,-0.17674234159847502,-0.5817875210792579,-0.6635867355200771,-0.6635867355200771,-0.6635867355200771,-0.8611579539066891,S50
S,S32,H,p.Ser32His,32,1164,urn:mavedb:00000001-b-2,-0.0231642782763223,-0.0231642782763223,-0.0231642782763223,-0.5300730747611018,-0.07593136995092321,-0.07593136995092321,-0.07593136995092321,-0.7599775154581225,S32
Y,Y21,F,p.Tyr21Phe,21,1165,urn:mavedb:00000001-b-2,1.0809107716885,1.0809107716885,1.0809107716885,0.04777965148960095,0.8209302015841916,0.8209302015841916,0.8209302015841916,-0.06127037661607637,Y21
D,D15,L,p.Asp15Leu,15,1166,urn:mavedb:00000001-b-2,0.688973378662664,0.688973378662664,0.688973378662664,-0.2332771219786397,0.3988833529404929,0.3988833529404929,0.3988833529404929,-0.47554806070826294,D15
V,V26,R,p.Val26Arg,26,1167,urn:mavedb:00000001-b-2,-0.040492511613632994,-0.040492511613632994,-0.040492511613632994,-0.5345699831365935,0.4811956322510517,0.4811956322510517,0.4811956322510517,-0.32996065205171443,V26
E,E67,M,p.Glu67Met,67,1168,urn:mavedb:00000001-b-2,1.01058131273313,1.01058131273313,1.01058131273313,0.008993816750983763,1.173787748656833,1.173787748656833,1.173787748656833,0.035413153456998366,E67
F,F36,D,p.Phe36Asp,36,1169,urn:mavedb:00000001-b-2,-0.130370985548872,-0.130370985548872,-0.130370985548872,-0.5632377740303541,0.616613896097576,0.616613896097576,0.616613896097576,-0.1866216975829117,F36
S,S32,K,p.Ser32Lys,32,1170,urn:mavedb:00000001-b-2,1.1607179494634,1.1607179494634,1.1607179494634,0.07532321528948849,1.1079508577887989,1.1079508577887989,1.1079508577887989,0.022484541877459296,S32
G,G68,I,p.Gly68Ile,68,1171,urn:mavedb:00000001-b-2,-1.00368788686273,-1.00368788686273,-1.00368788686273,-0.8538504777965149,-0.20775891757349185,-0.20775891757349185,-0.20775891757349185,-0.7931422147273749,G68
T,T76,N,p.Thr76Asn,76,1172,urn:mavedb:00000001-b-2,-0.578680819060254,-0.578680819060254,-0.578680819060254,-0.7762788083192804,0.4244655923267929,0.4244655923267929,0.4244655923267929,-0.44800449690837546,T76
E,E18,D,p.Glu18Asp,18,1173,urn:mavedb:00000001-b-2,1.03918107227753,1.03918107227753,1.03918107227753,0.025295109612141653,0.6965112129452141,0.6965112129452141,0.6965112129452141,-0.1298482293423271,E18
E,E18,W,p.Glu18Trp,18,1174,urn:mavedb:00000001-b-2,0.9127888209641608,0.9127888209641608,0.9127888209641608,-0.05789769533445754,0.5701189616318448,0.5701189616318448,0.5701189616318448,-0.23721191680719503,E18
L,L65,C,p.Leu65Cys,65,1175,urn:mavedb:00000001-b-2,-0.252855381852864,-0.252855381852864,-0.252855381852864,-0.6183249016301293,0.451647066239092,0.451647066239092,0.451647066239092,-0.40893760539629,L65
Q,Q53,I,p.Gln53Ile,53,1176,urn:mavedb:00000001-b-2,-0.703540339894735,-0.703540339894735,-0.703540339894735,-0.8094435075885329,-1.1524199946285631,-1.1524199946285631,-1.1524199946285631,-0.8802698145025295,Q53
V,V90,T,p.Val90Thr,90,1177,urn:mavedb:00000001-b-2,1.0048186416271,1.0048186416271,1.0048186416271,0.005059021922428353,1.597474153008903,1.597474153008903,1.597474153008903,0.08656548622821814,V90
L,L47,T,p.Leu47Thr,47,1178,urn:mavedb:00000001-b-2,-0.221213891000574,-0.221213891000574,-0.221213891000574,-0.5992130410342889,0.513922938409774,0.513922938409774,0.513922938409774,-0.2883642495784148,L47
L,L24,A,p.Leu24Ala,24,1179,urn:mavedb:00000001-b-2,-0.228937548096207,-0.228937548096207,-0.228937548096207,-0.6048341765036538,0.524451385627059,0.524451385627059,0.524451385627059,-0.2799325463743676,L24
V,V38,Y,p.Val38Tyr,38,1180,urn:mavedb:00000001-b-2,0.5032562372192221,0.5032562372192221,0.5032562372192221,-0.3406408094435076,1.3094283495260646,1.3094283495260646,1.3094283495260646,0.05789769533445765,V38
R,R70,N,p.Arg70Asn,70,1181,urn:mavedb:00000001-b-2,0.915978798900824,0.915978798900824,0.915978798900824,-0.0567734682405846,0.5380012048824676,0.5380012048824676,0.5380012048824676,-0.2692523889825744,R70
G,G97,Q,p.Gly97Gln,97,1182,urn:mavedb:00000001-b-2,-0.9534201209689008,-0.9534201209689008,-0.9534201209689008,-0.8465430016863407,-0.207696430141334,-0.207696430141334,-0.207696430141334,-0.7925801011804384,G97
K,K23,P,p.Lys23Pro,23,1183,urn:mavedb:00000001-b-2,-0.644915127898182,-0.644915127898182,-0.644915127898182,-0.7959527824620574,-0.874595549346798,-0.874595549346798,-0.874595549346798,-0.8729623383923553,K23
E,E85,A,p.Glu85Ala,85,1184,urn:mavedb:00000001-b-2,0.8971291276534809,0.8971291276534809,0.8971291276534809,-0.06745362563237768,0.30565855023143285,0.30565855023143285,0.30565855023143285,-0.5666104553119731,E85
K,K46,H,p.Lys46His,46,1185,urn:mavedb:00000001-b-2,0.8938899427877378,0.8938899427877378,0.8938899427877378,-0.06857785272625072,0.766489880349337,0.766489880349337,0.766489880349337,-0.08768971332209098,K46
S,S32,C,p.Ser32Cys,32,1186,urn:mavedb:00000001-b-2,0.472077650191256,0.472077650191256,0.472077650191256,-0.3608768971332209,0.4193105585166551,0.4193105585166551,0.4193105585166551,-0.4491287240022484,S32
G,G96,C,p.Gly96Cys,96,1187,urn:mavedb:00000001-b-2,0.0037728288000565694,0.0037728288000565694,0.0037728288000565694,-0.521079258010118,0.7690030647525006,0.7690030647525006,0.7690030647525006,-0.08656548622821802,G96
G,G28,D,p.Gly28Asp,28,1188,urn:mavedb:00000001-b-2,0.207899902005663,0.207899902005663,0.207899902005663,-0.4581225407532321,0.7175298418565923,0.7175298418565923,0.7175298418565923,-0.11298482293423262,G28
K,K46,E,p.Lys46Glu,46,1189,urn:mavedb:00000001-b-2,-0.184472623991988,-0.184472623991988,-0.184472623991988,-0.5851602023608768,-0.31187268643038885,-0.31187268643038885,-0.31187268643038885,-0.820123664980326,K46
V,V26,I,p.Val26Ile,26,1190,urn:mavedb:00000001-b-2,0.48387931175981,0.48387931175981,0.48387931175981,-0.3507588532883642,1.005567455624495,1.005567455624495,1.005567455624495,0.001686340640809525,V26
H,H35,E,p.His35Glu,35,1191,urn:mavedb:00000001-b-2,0.332442697281687,0.332442697281687,0.332442697281687,-0.4137155705452501,0.11380289988264908,0.11380289988264908,0.11380289988264908,-0.6902754356379989,H35
I,I27,D,p.Ile27Asp,27,1192,urn:mavedb:00000001-b-2,-0.305673884319835,-0.305673884319835,-0.305673884319835,-0.6458684654300169,-0.056879228604604974,-0.056879228604604974,-0.056879228604604974,-0.7515458122540752,I27
Y,Y21,T,p.Tyr21Thr,21,1193,urn:mavedb:00000001-b-2,1.02064626966751,1.02064626966751,1.02064626966751,0.014052838673412005,0.7606656995632016,0.7606656995632016,0.7606656995632016,-0.08937605396290049,Y21
M,M59,S,p.Met59Ser,59,1194,urn:mavedb:00000001-b-2,0.44290059522930497,0.44290059522930497,0.44290059522930497,-0.3721191680719505,0.12199861197255495,0.12199861197255495,0.12199861197255495,-0.6874648679033164,M59
D,D86,C,p.Asp86Cys,86,1195,urn:mavedb:00000001-b-2,0.841804378579866,0.841804378579866,0.841804378579866,-0.1135469364811692,1.4498266691130617,1.4498266691130617,1.4498266691130617,0.07476110174255203,D86
A,A72,I,p.Ala72Ile,72,1197,urn:mavedb:00000001-b-2,1.25236557331282,1.25236557331282,1.25236557331282,0.1011804384485666,0.948615080783052,0.948615080783052,0.948615080783052,-0.015177065767284947,A72
I,I88,R,p.Ile88Arg,88,1199,urn:mavedb:00000001-b-2,-0.34692274781398297,-0.34692274781398297,-0.34692274781398297,-0.6672287802136031,0.3872755632666501,0.3872755632666501,0.3872755632666501,-0.4901630129286115,I88
L,L47,N,p.Leu47Asn,47,1200,urn:mavedb:00000001-b-2,-0.35597282885342096,-0.35597282885342096,-0.35597282885342096,-0.670601461495222,0.379164000556927,0.379164000556927,0.379164000556927,-0.5019673974142776,L47
L,L62,Q,p.Leu62Gln,62,1201,urn:mavedb:00000001-b-2,1.5472043274675802,1.5472043274675802,1.5472043274675802,0.12310286677908945,1.8911762881597087,1.8911762881597087,1.8911762881597087,0.10680157391793144,L62
N,N60,Y,p.Asn60Tyr,60,1202,urn:mavedb:00000001-b-2,0.264088841026631,0.264088841026631,0.264088841026631,-0.4373243395165824,0.45164706623909207,0.45164706623909207,0.45164706623909207,-0.3889825744800449,N60
I,I71,P,p.Ile71Pro,71,1203,urn:mavedb:00000001-b-2,-0.33039740801973805,-0.33039740801973805,-0.33039740801973805,-0.6571107363687465,0.5262179206952989,0.5262179206952989,0.5262179206952989,-0.2782462057335582,I71
E,E20,A,p.Glu20Ala,20,1204,urn:mavedb:00000001-b-2,0.6873785014137471,0.6873785014137471,0.6873785014137471,-0.23440134907251264,0.2771403669016261,0.2771403669016261,0.2771403669016261,-0.5879707700955592,E20
V,V26,D,p.Val26Asp,26,1205,urn:mavedb:00000001-b-2,-0.7247605405942559,-0.7247605405942559,-0.7247605405942559,-0.8145025295109611,-0.20307239672957125,-0.20307239672957125,-0.20307239672957125,-0.7908937605396289,V26
S,S31,A,p.Ser31Ala,31,1206,urn:mavedb:00000001-b-2,1.7006986694983,1.7006986694983,1.7006986694983,0.1290050590219225,1.6707604861221332,1.6707604861221332,1.6707604861221332,0.09218662169758296,S31
K,K78,H,p.Lys78His,78,1207,urn:mavedb:00000001-b-2,0.523555785943139,0.523555785943139,0.523555785943139,-0.3327712197863968,0.021086711284958204,0.021086711284958204,0.021086711284958204,-0.7268128161888701,K78
S,S31,H,p.Ser31His,31,1208,urn:mavedb:00000001-b-2,-0.7290885545133922,-0.7290885545133922,-0.7290885545133922,-0.8161888701517707,-0.7590267378895591,-0.7590267378895591,-0.7590267378895591,-0.8695896571107363,S31
I,I71,R,p.Ile71Arg,71,1209,urn:mavedb:00000001-b-2,-0.29438173337754703,-0.29438173337754703,-0.29438173337754703,-0.6408094435075885,0.56223359533749,0.56223359533749,0.56223359533749,-0.2433951658234963,I71
V,V57,M,p.Val57Met,57,1210,urn:mavedb:00000001-b-2,0.493927989087524,0.493927989087524,0.493927989087524,-0.3468240584598089,0.786800208309951,0.786800208309951,0.786800208309951,-0.07644744238336143,V57
G,G97,M,p.Gly97Met,97,1211,urn:mavedb:00000001-b-2,-0.936021152767867,-0.936021152767867,-0.936021152767867,-0.8431703204047217,-0.19029746194030014,-0.19029746194030014,-0.19029746194030014,-0.7869589657110736,G97
S,S50,N,p.Ser50Asn,50,1212,urn:mavedb:00000001-b-2,-1.05021193803074,-1.05021193803074,-1.05021193803074,-0.8577852726250702,-1.5370563319523418,-1.5370563319523418,-1.5370563319523418,-0.8858909499718943,S50
P,P58,M,p.Pro58Met,58,1213,urn:mavedb:00000001-b-2,-0.741900292020369,-0.741900292020369,-0.741900292020369,-0.8184373243395165,0.07394663084505404,0.07394663084505404,0.07394663084505404,-0.7077009555930298,P58
A,A72,G,p.Ala72Gly,72,1214,urn:mavedb:00000001-b-2,1.05996890266073,1.05996890266073,1.05996890266073,0.04047217537942671,0.756218410130962,0.756218410130962,0.756218410130962,-0.09218662169758284,A72
F,F36,I,p.Phe36Ile,36,1215,urn:mavedb:00000001-b-2,-0.13803127210734306,-0.13803127210734306,-0.13803127210734306,-0.5666104553119731,0.608953609539105,0.608953609539105,0.608953609539105,-0.192804946599213,F36
Y,Y91,H,p.Tyr91His,91,1216,urn:mavedb:00000001-b-2,0.7624643178567441,0.7624643178567441,0.7624643178567441,-0.17987633501967393,0.9277288552245004,0.9277288552245004,0.9277288552245004,-0.023608768971332128,Y91
I,I71,Y,p.Ile71Tyr,71,1217,urn:mavedb:00000001-b-2,-0.5101551939280301,-0.5101551939280301,-0.5101551939280301,-0.7481731309724564,0.3464601347870069,0.3464601347870069,0.3464601347870069,-0.5356942102304665,I71
D,D73,C,p.Asp73Cys,73,1219,urn:mavedb:00000001-b-2,-0.195664865607394,-0.195664865607394,-0.195664865607394,-0.5879707700955592,0.6534386300452861,0.6534386300452861,0.6534386300452861,-0.16301292861157946,D73
D,D73,A,p.Asp73Ala,73,1220,urn:mavedb:00000001-b-2,-0.911376865990112,-0.911376865990112,-0.911376865990112,-0.8409218662169758,-0.06227337033743208,-0.06227337033743208,-0.06227337033743208,-0.7532321528948847,D73
N,N60,G,p.Asn60Gly,60,1221,urn:mavedb:00000001-b-2,1.05652880420261,1.05652880420261,1.05652880420261,0.039347948285553665,1.244087029415071,1.244087029415071,1.244087029415071,0.04834176503653742,N60
S,S31,K,p.Ser31Lys,31,1222,urn:mavedb:00000001-b-2,-0.39656954594093896,-0.39656954594093896,-0.39656954594093896,-0.6925238898257448,-0.4265077293171059,-0.4265077293171059,-0.4265077293171059,-0.8358628442945475,S31
T,T95,R,p.Thr95Arg,95,1224,urn:mavedb:00000001-b-2,1.04444096530749,1.04444096530749,1.04444096530749,0.03147835862844295,0.9228342179146741,0.9228342179146741,0.9228342179146741,-0.0264193367060146,T95
E,E49,Y,p.Glu49Tyr,49,1225,urn:mavedb:00000001-b-2,0.152330424847253,0.152330424847253,0.152330424847253,-0.4789207419898819,0.220150846592725,0.220150846592725,0.220150846592725,-0.6284429454749859,E49
F,F36,Y,p.Phe36Tyr,36,1227,urn:mavedb:00000001-b-2,0.5977048693366961,0.5977048693366961,0.5977048693366961,-0.29117481731309725,1.344689750983144,1.344689750983144,1.344689750983144,0.061270376616076476,F36
N,N74,C,p.Asn74Cys,74,1229,urn:mavedb:00000001-b-2,1.09744225243805,1.09744225243805,1.09744225243805,0.053400786958965774,0.7212697616461591,0.7212697616461591,0.7212697616461591,-0.11073636874648674,N74
E,E49,I,p.Glu49Ile,49,1230,urn:mavedb:00000001-b-2,-0.21586328720828105,-0.21586328720828105,-0.21586328720828105,-0.5947161326587971,-0.14804286546280904,-0.14804286546280904,-0.14804286546280904,-0.7740303541315345,E49
K,K48,F,p.Lys48Phe,48,1231,urn:mavedb:00000001-b-2,-0.625882232374546,-0.625882232374546,-0.625882232374546,-0.7920179876335021,0.3541284950074031,0.3541284950074031,0.3541284950074031,-0.5278246205733558,K48
S,S61,I,p.Ser61Ile,61,1232,urn:mavedb:00000001-b-2,-0.108363365042981,-0.108363365042981,-0.108363365042981,-0.553681843732434,-0.015236344269869972,-0.015236344269869972,-0.015236344269869972,-0.7374929735806632,S61
P,P77,F,p.Pro77Phe,77,1233,urn:mavedb:00000001-b-2,-0.359469548289179,-0.359469548289179,-0.359469548289179,-0.6722878021360315,0.45164706623909207,0.45164706623909207,0.45164706623909207,-0.3889825744800449,P77
L,L24,I,p.Leu24Ile,24,1234,urn:mavedb:00000001-b-2,0.34757587780569604,0.34757587780569604,0.34757587780569604,-0.4075323215289488,1.1009648115289619,1.1009648115289619,1.1009648115289619,0.021360314783586357,L24
E,E79,M,p.Glu79Met,79,1235,urn:mavedb:00000001-b-2,1.1101400860110902,1.1101400860110902,1.1101400860110902,0.05789769533445754,1.2661045333347052,1.2661045333347052,1.2661045333347052,0.053400786958965774,E79
I,I71,K,p.Ile71Lys,71,1236,urn:mavedb:00000001-b-2,0.37001646595871,0.37001646595871,0.37001646595871,-0.3968521641371557,1.226631794673747,1.226631794673747,1.226631794673747,0.04440697020798201,I71
P,P58,Y,p.Pro58Tyr,58,1238,urn:mavedb:00000001-b-2,-0.364199856626331,-0.364199856626331,-0.364199856626331,-0.6756604834176503,0.4516470662390921,0.4516470662390921,0.4516470662390921,-0.3687464867903316,P58
I,I88,E,p.Ile88Glu,88,1240,urn:mavedb:00000001-b-2,-0.221714056193325,-0.221714056193325,-0.221714056193325,-0.6003372681281618,0.5124842548873081,0.5124842548873081,0.5124842548873081,-0.29117481731309725,I88
L,L80,H,p.Leu80His,80,1241,urn:mavedb:00000001-b-2,-0.333424599110336,-0.333424599110336,-0.333424599110336,-0.6599213041034289,0.5977776183685881,0.5977776183685881,0.5977776183685881,-0.20573355817875205,L80
P,P77,H,p.Pro77His,77,1242,urn:mavedb:00000001-b-2,-0.330726449499144,-0.330726449499144,-0.330726449499144,-0.657672849915683,0.480390165029127,0.480390165029127,0.480390165029127,-0.3322091062394603,P77
R,R63,F,p.Arg63Phe,63,1245,urn:mavedb:00000001-b-2,0.12270634975811802,0.12270634975811802,0.12270634975811802,-0.4851039910061832,0.265180600677284,0.265180600677284,0.265180600677284,-0.5992130410342889,R63
S,S31,L,p.Ser31Leu,31,1246,urn:mavedb:00000001-b-2,-0.508025206153409,-0.508025206153409,-0.508025206153409,-0.746486790331647,-0.5379633895295759,-0.5379633895295759,-0.5379633895295759,-0.8471051152332769,S31
G,G28,F,p.Gly28Phe,28,1247,urn:mavedb:00000001-b-2,-0.6960099824534771,-0.6960099824534771,-0.6960099824534771,-0.8071950534007869,-0.1863800426025478,-0.1863800426025478,-0.1863800426025478,-0.7852726250702642,G28
Q,Q29,M,p.Gln29Met,29,1248,urn:mavedb:00000001-b-2,-0.0029828706678528,-0.0029828706678528,-0.0029828706678528,-0.5244519392917368,0.09238730414994024,0.09238730414994024,0.09238730414994024,-0.699831365935919,Q29
F,F36,T,p.Phe36Thr,36,1249,urn:mavedb:00000001-b-2,-0.8380406476382601,-0.8380406476382601,-0.8380406476382601,-0.8324901630129286,-0.09105576599181207,-0.09105576599181207,-0.09105576599181207,-0.7655986509274872,F36
F,F64,C,p.Phe64Cys,64,1251,urn:mavedb:00000001-b-2,-0.143581049008553,-0.143581049008553,-0.143581049008553,-0.5705452501405284,0.6753406458918261,0.6753406458918261,0.6753406458918261,-0.14277684092186615,F64
R,R54,H,p.Arg54His,54,1252,urn:mavedb:00000001-b-2,-0.49498987249998,-0.49498987249998,-0.49498987249998,-0.7403035413153457,-0.15813728979008096,-0.15813728979008096,-0.15813728979008096,-0.7779651489600898,R54
P,P58,R,p.Pro58Arg,58,1254,urn:mavedb:00000001-b-2,0.5551250516364661,0.5551250516364661,0.5551250516364661,-0.311973018549747,1.3709719745018891,1.3709719745018891,1.3709719745018891,0.0652051714446319,P58
E,E79,N,p.Glu79Asn,79,1257,urn:mavedb:00000001-b-2,0.19866389998375,0.19866389998375,0.19866389998375,-0.4643057897695334,0.35462834730736503,0.35462834730736503,0.35462834730736503,-0.5261382799325462,E79
G,G19,C,p.Gly19Cys,19,1259,urn:mavedb:00000001-b-2,0.753019756502927,0.753019756502927,0.753019756502927,-0.18549747048903875,0.38347873576774494,0.38347873576774494,0.38347873576774494,-0.4940978077571669,G19
L,L62,F,p.Leu62Phe,62,1260,urn:mavedb:00000001-b-2,0.6752073275943349,0.6752073275943349,0.6752073275943349,-0.24283305227655985,1.019179288286464,1.019179288286464,1.019179288286464,0.003372681281618939,L62
D,D30,Q,p.Asp30Gln,30,1261,urn:mavedb:00000001-b-2,0.30197541631817304,0.30197541631817304,0.30197541631817304,-0.4215851602023609,0.5445451240915526,0.5445451240915526,0.5445451240915526,-0.2619449128724002,D30
K,K17,C,p.Lys17Cys,17,1263,urn:mavedb:00000001-b-2,0.5253734479773711,0.5253734479773711,0.5253734479773711,-0.3310848791455874,0.269414872152985,0.269414872152985,0.269414872152985,-0.5958403597526701,K17
N,N74,Y,p.Asn74Tyr,74,1265,urn:mavedb:00000001-b-2,1.03030479014214,1.03030479014214,1.03030479014214,0.01911186059584036,0.6541322993502491,0.6541322993502491,0.6541322993502491,-0.16245081506464298,N74
G,G96,L,p.Gly96Leu,96,1266,urn:mavedb:00000001-b-2,-0.129057326402395,-0.129057326402395,-0.129057326402395,-0.5626756604834176,0.6361729095500489,0.6361729095500489,0.6361729095500489,-0.17200674536256322,G96
P,P58,T,p.Pro58Thr,58,1268,urn:mavedb:00000001-b-2,-0.240465766859132,-0.240465766859132,-0.240465766859132,-0.6115795390668914,0.575381156006291,0.575381156006291,0.575381156006291,-0.2282181000562113,P58
L,L47,Y,p.Leu47Tyr,47,1269,urn:mavedb:00000001-b-2,-0.17890130463885198,-0.17890130463885198,-0.17890130463885198,-0.5840359752670039,0.556235524771496,0.556235524771496,0.556235524771496,-0.2529510961214165,L47
T,T76,Y,p.Thr76Tyr,76,1270,urn:mavedb:00000001-b-2,-0.508105403212216,-0.508105403212216,-0.508105403212216,-0.7470489038785835,0.495041008174831,0.495041008174831,0.495041008174831,-0.3108487914558741,T76
V,V57,S,p.Val57Ser,57,1271,urn:mavedb:00000001-b-2,0.008759833889897591,0.008759833889897591,0.008759833889897591,-0.5188308038223721,0.3016320531123246,0.3016320531123246,0.3016320531123246,-0.5699831365935919,V57
E,E33,G,p.Glu33Gly,33,1272,urn:mavedb:00000001-b-2,-0.3682495761502971,-0.3682495761502971,-0.3682495761502971,-0.6807195053400786,-0.06806366814752908,-0.06806366814752908,-0.06806366814752908,-0.7560427206295671,E33
Q,Q53,P,p.Gln53Pro,53,1273,urn:mavedb:00000001-b-2,0.728972606175179,0.728972606175179,0.728972606175179,-0.20123664980326028,0.2800929514413509,0.2800929514413509,0.2800929514413509,-0.5845980888139404,Q53
V,V26,M,p.Val26Met,26,1275,urn:mavedb:00000001-b-2,-0.388453988227469,-0.388453988227469,-0.388453988227469,-0.6891512085441259,0.13323415563721566,0.13323415563721566,0.13323415563721566,-0.6829679595278246,V26
E,E49,K,p.Glu49Lys,49,1276,urn:mavedb:00000001-b-2,0.515630507749573,0.515630507749573,0.515630507749573,-0.3372681281618887,0.5834509294950451,0.5834509294950451,0.5834509294950451,-0.21866216975829111,E49
E,E20,V,p.Glu20Val,20,1277,urn:mavedb:00000001-b-2,0.7980617263062729,0.7980617263062729,0.7980617263062729,-0.15120854412591345,0.3878235917941519,0.3878235917941519,0.3878235917941519,-0.4884766722878021,E20
L,L47,P,p.Leu47Pro,47,1278,urn:mavedb:00000001-b-2,-0.256514296055466,-0.256514296055466,-0.256514296055466,-0.6194491287240023,0.47862253335488203,0.47862253335488203,0.47862253335488203,-0.3344575604272062,L47
Y,Y91,K,p.Tyr91Lys,91,1280,urn:mavedb:00000001-b-2,-0.0275188793418247,-0.0275188793418247,-0.0275188793418247,-0.5311973018549747,0.13774565802593178,0.13774565802593178,0.13774565802593178,-0.6801573917931422,Y91
K,K39,Q,p.Lys39Gln,39,1281,urn:mavedb:00000001-b-2,0.584800111308696,0.584800111308696,0.584800111308696,-0.2962338392355256,0.655831649220583,0.655831649220583,0.655831649220583,-0.1602023608768971,K39
Y,Y21,W,p.Tyr21Trp,21,1282,urn:mavedb:00000001-b-2,0.7633834351881871,0.7633834351881871,0.7633834351881871,-0.1781899943788645,0.5034028650838787,0.5034028650838787,0.5034028650838787,-0.2996065205171444,Y21
L,L65,S,p.Leu65Ser,65,1284,urn:mavedb:00000001-b-2,-0.5130451117680019,-0.5130451117680019,-0.5130451117680019,-0.7504215851602023,0.19145733632395398,0.19145733632395398,0.19145733632395398,-0.6475548060708263,L65
F,F64,E,p.Phe64Glu,64,1285,urn:mavedb:00000001-b-2,-1.04523002055525,-1.04523002055525,-1.04523002055525,-0.8572231590781337,-0.22630832565487105,-0.22630832565487105,-0.22630832565487105,-0.7993254637436762,F64
K,K45,Q,p.Lys45Gln,45,1286,urn:mavedb:00000001-b-2,0.874493995268749,0.874493995268749,0.874493995268749,-0.08487914558740861,0.6406185042052231,0.6406185042052231,0.6406185042052231,-0.16919617762788075,K45
Q,Q55,I,p.Gln55Ile,55,1287,urn:mavedb:00000001-b-2,1.19661884214428,1.19661884214428,1.19661884214428,0.08881394041596402,0.8674603621152329,0.8674603621152329,0.8674603621152329,-0.04496908375491848,Q55
T,T41,Y,p.Thr41Tyr,41,1288,urn:mavedb:00000001-b-2,-0.953500607688498,-0.953500607688498,-0.953500607688498,-0.8471051152332771,-0.440131553182294,-0.440131553182294,-0.440131553182294,-0.8369870713884204,T41
K,K46,C,p.Lys46Cys,46,1289,urn:mavedb:00000001-b-2,-0.314976478693947,-0.314976478693947,-0.314976478693947,-0.6509274873524452,-0.4423765411323479,-0.4423765411323479,-0.4423765411323479,-0.8386734120292298,K46
K,K16,G,p.Lys16Gly,16,1290,urn:mavedb:00000001-b-2,0.802950677518258,0.802950677518258,0.802950677518258,-0.14839797639123098,0.479045461554085,0.479045461554085,0.479045461554085,-0.3338954468802697,K16
F,F64,P,p.Phe64Pro,64,1291,urn:mavedb:00000001-b-2,-0.291519728248598,-0.291519728248598,-0.291519728248598,-0.6385609893198426,0.5274019666517811,0.5274019666517811,0.5274019666517811,-0.27712197863968513,F64
T,T95,D,p.Thr95Asp,95,1292,urn:mavedb:00000001-b-2,-1.10352580740807,-1.10352580740807,-1.10352580740807,-0.8611579539066891,-1.225132554800886,-1.225132554800886,-1.225132554800886,-0.8825182686902754,T95
K,K17,W,p.Lys17Trp,17,1293,urn:mavedb:00000001-b-2,0.7369875046988741,0.7369875046988741,0.7369875046988741,-0.1967397414277684,0.48102892887448795,0.48102892887448795,0.48102892887448795,-0.33164699269252385,K17
L,L65,D,p.Leu65Asp,65,1294,urn:mavedb:00000001-b-2,-0.5133251124374489,-0.5133251124374489,-0.5133251124374489,-0.7509836987071388,0.19117733565450698,0.19117733565450698,0.19117733565450698,-0.6486790331646992,L65
E,E83,K,p.Glu83Lys,83,1295,urn:mavedb:00000001-b-2,1.11940322916789,1.11940322916789,1.11940322916789,0.061270376616076476,0.6783834594804629,0.6783834594804629,0.6783834594804629,-0.1399662731871838,E83
K,K25,S,p.Lys25Ser,25,1296,urn:mavedb:00000001-b-2,0.604433886483792,0.604433886483792,0.604433886483792,-0.28499156829679595,1.2148705852916857,1.2148705852916857,1.2148705852916857,0.04047217537942671,K25
Q,Q53,N,p.Gln53Asn,53,1297,urn:mavedb:00000001-b-2,0.344677492440752,0.344677492440752,0.344677492440752,-0.4086565486228218,-0.10420216229307604,-0.10420216229307604,-0.10420216229307604,-0.7695334457560427,Q53
S,S31,F,p.Ser31Phe,31,1298,urn:mavedb:00000001-b-2,1.16370527304318,1.16370527304318,1.16370527304318,0.07982012366498037,1.1337670896670131,1.1337670896670131,1.1337670896670131,0.028105677346824117,S31
R,R70,K,p.Arg70Lys,70,1299,urn:mavedb:00000001-b-2,0.542412253777504,0.542412253777504,0.542412253777504,-0.3220910623946037,0.16443465975914762,0.16443465975914762,0.16443465975914762,-0.6649803260258572,R70
Q,Q94,N,p.Gln94Asn,94,1301,urn:mavedb:00000001-b-2,0.0828968129847266,0.0828968129847266,0.0828968129847266,-0.4974704890387858,0.00032675450219364627,0.00032675450219364627,0.00032675450219364627,-0.7313097245643619,Q94
R,R63,D,p.Arg63Asp,63,1302,urn:mavedb:00000001-b-2,-0.7080137099709208,-0.7080137099709208,-0.7080137099709208,-0.8105677346824058,-0.5655394590517548,-0.5655394590517548,-0.5655394590517548,-0.8487914558740866,R63
E,E67,I,p.Glu67Ile,67,1303,urn:mavedb:00000001-b-2,-0.6051863075466,-0.6051863075466,-0.6051863075466,-0.7835862844294548,-0.4419798716228969,-0.4419798716228969,-0.4419798716228969,-0.8381112984822934,E67
C,C52,Y,p.Cys52Tyr,52,1304,urn:mavedb:00000001-b-2,-0.425413520760218,-0.425413520760218,-0.425413520760218,-0.7071388420460933,0.4024742807627215,0.4024742807627215,0.4024742807627215,-0.4716132658797077,C52
H,H35,M,p.His35Met,35,1306,urn:mavedb:00000001-b-2,0.653301045506839,0.653301045506839,0.653301045506839,-0.25632377740303536,0.43466124810780105,0.43466124810780105,0.43466124810780105,-0.4367622259696458,H35
E,E85,D,p.Glu85Asp,85,1308,urn:mavedb:00000001-b-2,0.964716542748176,0.964716542748176,0.964716542748176,-0.02810567734682401,0.3732459653261279,0.3732459653261279,0.3732459653261279,-0.5075885328836425,E85
G,G97,N,p.Gly97Asn,97,1309,urn:mavedb:00000001-b-2,-0.914932341064466,-0.914932341064466,-0.914932341064466,-0.8414839797639123,-0.16920865023689913,-0.16920865023689913,-0.16920865023689913,-0.7785272625070264,G97
Q,Q69,K,p.Gln69Lys,69,1310,urn:mavedb:00000001-b-2,0.8221648321961709,0.8221648321961709,0.8221648321961709,-0.13041034288926354,0.7292761088682048,0.7292761088682048,0.7292761088682048,-0.10736368746486792,Q69
E,E79,H,p.Glu79His,79,1311,urn:mavedb:00000001-b-2,-0.7572897315021629,-0.7572897315021629,-0.7572897315021629,-0.8223721191680721,-0.6013252841785479,-0.6013252841785479,-0.6013252841785479,-0.8544125913434514,E79
L,L24,F,p.Leu24Phe,24,1312,urn:mavedb:00000001-b-2,-0.136016480130904,-0.136016480130904,-0.136016480130904,-0.5654862282181,0.6173724535923619,0.6173724535923619,0.6173724535923619,-0.1843732433951658,L24
E,E20,D,p.Glu20Asp,20,1314,urn:mavedb:00000001-b-2,0.7917685391803271,0.7917685391803271,0.7917685391803271,-0.15964024732996066,0.3815304046682061,0.3815304046682061,0.3815304046682061,-0.4985947161326588,E20
M,M82,E,p.Met82Glu,82,1315,urn:mavedb:00000001-b-2,-0.15640429918047302,-0.15640429918047302,-0.15640429918047302,-0.5750421585160201,0.628993882981768,0.628993882981768,0.628993882981768,-0.17594154019111852,M82
V,V26,K,p.Val26Lys,26,1316,urn:mavedb:00000001-b-2,-0.117716439108144,-0.117716439108144,-0.117716439108144,-0.5564924114671164,0.4039717047565407,0.4039717047565407,0.4039717047565407,-0.4699269252388982,V26
K,K78,W,p.Lys78Trp,78,1317,urn:mavedb:00000001-b-2,0.572440776886592,0.572440776886592,0.572440776886592,-0.3041034288926363,0.0699717022284112,0.0699717022284112,0.0699717022284112,-0.7088251826869028,K78
Q,Q29,L,p.Gln29Leu,29,1318,urn:mavedb:00000001-b-2,0.7935961186071769,0.7935961186071769,0.7935961186071769,-0.15739179314221474,0.8889662934249699,0.8889662934249699,0.8889662934249699,-0.03878583473861719,Q29
G,G97,S,p.Gly97Ser,97,1319,urn:mavedb:00000001-b-2,-0.357064592704591,-0.357064592704591,-0.357064592704591,-0.6711635750421585,0.38865909812297583,0.38865909812297583,0.38865909812297583,-0.4873524451939291,G97
I,I22,H,p.Ile22His,22,1320,urn:mavedb:00000001-b-2,0.0769578850459199,0.0769578850459199,0.0769578850459199,-0.4991568296795952,0.45164706623909207,0.45164706623909207,0.45164706623909207,-0.3889825744800449,I22
H,H35,Q,p.His35Gln,35,1321,urn:mavedb:00000001-b-2,0.7177085955389351,0.7177085955389351,0.7177085955389351,-0.21135469364811688,0.4990687981398971,0.4990687981398971,0.4990687981398971,-0.30522765598650925,H35
L,L65,R,p.Leu65Arg,65,1322,urn:mavedb:00000001-b-2,-0.387080750113068,-0.387080750113068,-0.387080750113068,-0.6874648679033164,0.31742169797888803,0.31742169797888803,0.31742169797888803,-0.5576166385609893,L65
K,K46,Q,p.Lys46Gln,46,1323,urn:mavedb:00000001-b-2,0.707350327279225,0.707350327279225,0.707350327279225,-0.21753794266441814,0.5799502648408241,0.5799502648408241,0.5799502648408241,-0.220910623946037,K46
V,V90,Y,p.Val90Tyr,90,1325,urn:mavedb:00000001-b-2,-0.30877298022472804,-0.30877298022472804,-0.30877298022472804,-0.6486790331646992,0.283882531157075,0.283882531157075,0.283882531157075,-0.5812254075323215,V90
R,R63,Y,p.Arg63Tyr,63,1326,urn:mavedb:00000001-b-2,0.594256922143636,0.594256922143636,0.594256922143636,-0.29286115795390666,0.736731173062802,0.736731173062802,0.736731173062802,-0.10174255199550307,R63
M,M59,N,p.Met59Asn,59,1327,urn:mavedb:00000001-b-2,0.779222103875058,0.779222103875058,0.779222103875058,-0.16750983698707134,0.458320120618308,0.458320120618308,0.458320120618308,-0.35581787521079256,M59
K,K78,G,p.Lys78Gly,78,1328,urn:mavedb:00000001-b-2,1.4091840008705199,1.4091840008705199,1.4091840008705199,0.11691961776278816,0.9067149262123392,0.9067149262123392,0.9067149262123392,-0.03204047217537942,K78
V,V87,I,p.Val87Ile,87,1329,urn:mavedb:00000001-b-2,1.00297367113482,1.00297367113482,1.00297367113482,0.002810567734682468,0.5849846161619486,0.5849846161619486,0.5849846161619486,-0.2169758291174817,V87
S,S31,I,p.Ser31Ile,31,1330,urn:mavedb:00000001-b-2,0.481585249615259,0.481585249615259,0.481585249615259,-0.3524451939291736,0.45164706623909207,0.45164706623909207,0.45164706623909207,-0.3889825744800449,S31
E,E79,F,p.Glu79Phe,79,1331,urn:mavedb:00000001-b-2,-0.443977499134718,-0.443977499134718,-0.443977499134718,-0.712759977515458,-0.2880130518111029,-0.2880130518111029,-0.2880130518111029,-0.8105677346824058,E79
C,C52,I,p.Cys52Ile,52,1332,urn:mavedb:00000001-b-2,-0.891282724773821,-0.891282724773821,-0.891282724773821,-0.8403597526700394,-0.06339492325088147,-0.06339492325088147,-0.06339492325088147,-0.7537942664418212,C52
E,E89,D,p.Glu89Asp,89,1333,urn:mavedb:00000001-b-2,0.641350872433966,0.641350872433966,0.641350872433966,-0.2630691399662731,0.45164706623909207,0.45164706623909207,0.45164706623909207,-0.3889825744800449,E89
T,T95,S,p.Thr95Ser,95,1334,urn:mavedb:00000001-b-2,0.722496541154726,0.722496541154726,0.722496541154726,-0.20854412591343446,0.6008897937619101,0.6008897937619101,0.6008897937619101,-0.2023608768971332,T95
T,T42,N,p.Thr42Asn,42,1335,urn:mavedb:00000001-b-2,-0.451149081619907,-0.451149081619907,-0.451149081619907,-0.7183811129848229,-0.20870619394469894,-0.20870619394469894,-0.20870619394469894,-0.7953906689151208,T42
S,S32,W,p.Ser32Trp,32,1336,urn:mavedb:00000001-b-2,0.244142739001391,0.244142739001391,0.244142739001391,-0.4463181562675661,0.19137564732679008,0.19137564732679008,0.19137564732679008,-0.6481169196177627,S32
Q,Q69,V,p.Gln69Val,69,1337,urn:mavedb:00000001-b-2,0.070250333493412,0.070250333493412,0.070250333493412,-0.5019673974142776,-0.022638389834554046,-0.022638389834554046,-0.022638389834554046,-0.7403035413153456,Q69
M,M82,F,p.Met82Phe,82,1338,urn:mavedb:00000001-b-2,-0.40251891224273295,-0.40251891224273295,-0.40251891224273295,-0.6975829117481731,0.3828792699195081,0.3828792699195081,0.3828792699195081,-0.4952220348510399,M82
T,T76,S,p.Thr76Ser,76,1339,urn:mavedb:00000001-b-2,0.5819882054689289,0.5819882054689289,0.5819882054689289,-0.29904440697020795,1.5851346168559757,1.5851346168559757,1.5851346168559757,0.08487914558740872,T76
E,E85,H,p.Glu85His,85,1341,urn:mavedb:00000001-b-2,0.477195854013984,0.477195854013984,0.477195854013984,-0.35581787521079256,-0.11427472340806405,-0.11427472340806405,-0.11427472340806405,-0.7706576728499156,E85
H,H43,C,p.His43Cys,43,1342,urn:mavedb:00000001-b-2,1.20085035169911,1.20085035169911,1.20085035169911,0.09162450815064647,0.8355200531166049,0.8355200531166049,0.8355200531166049,-0.05564924114671155,H43
P,P58,G,p.Pro58Gly,58,1343,urn:mavedb:00000001-b-2,0.636081780448433,0.636081780448433,0.636081780448433,-0.2664418212478921,1.4519287033138562,1.4519287033138562,1.4519287033138562,0.07532321528948849,P58
L,L65,H,p.Leu65His,65,1344,urn:mavedb:00000001-b-2,1.0325923493465698,1.0325923493465698,1.0325923493465698,0.020798201236649886,1.7370947974385258,1.7370947974385258,1.7370947974385258,0.10005621135469367,L65
D,D86,H,p.Asp86His,86,1345,urn:mavedb:00000001-b-2,-0.2508861532121,-0.2508861532121,-0.2508861532121,-0.6160764474423833,0.35713613732109545,0.35713613732109545,0.35713613732109545,-0.5250140528386733,D86
K,K37,M,p.Lys37Met,37,1346,urn:mavedb:00000001-b-2,0.0843380904486931,0.0843380904486931,0.0843380904486931,-0.4969083754918494,0.7701746568501421,0.7701746568501421,0.7701746568501421,-0.08544125913434507,K37
V,V38,Q,p.Val38Gln,38,1347,urn:mavedb:00000001-b-2,-0.479450488942389,-0.479450488942389,-0.479450488942389,-0.7313097245643619,0.32672162336445354,0.32672162336445354,0.32672162336445354,-0.5514333895446879,V38
S,S31,Y,p.Ser31Tyr,31,1348,urn:mavedb:00000001-b-2,1.1740911728044,1.1740911728044,1.1740911728044,0.08431703204047225,1.144152989428233,1.144152989428233,1.144152989428233,0.030354131534570006,S31
D,D86,W,p.Asp86Trp,86,1349,urn:mavedb:00000001-b-2,-0.654758415646731,-0.654758415646731,-0.654758415646731,-0.8004496908375491,-0.04673612511353553,-0.04673612511353553,-0.04673612511353553,-0.7498594716132658,D86
E,E89,A,p.Glu89Ala,89,1350,urn:mavedb:00000001-b-2,0.437816917786405,0.437816917786405,0.437816917786405,-0.3754918493535694,0.248113111591531,0.248113111591531,0.248113111591531,-0.611017425519955,E89
G,G68,H,p.Gly68His,68,1351,urn:mavedb:00000001-b-2,-0.967281072679128,-0.967281072679128,-0.967281072679128,-0.8487914558740866,-0.17135210338988982,-0.17135210338988982,-0.17135210338988982,-0.7802136031478358,G68
K,K17,Y,p.Lys17Tyr,17,1352,urn:mavedb:00000001-b-2,0.6948071248586459,0.6948071248586459,0.6948071248586459,-0.2270938729623384,0.4388485490342599,0.4388485490342599,0.4388485490342599,-0.4317032040472175,K17
M,M40,H,p.Met40His,40,1353,urn:mavedb:00000001-b-2,1.7535714459288898,1.7535714459288898,1.7535714459288898,0.13097245643620015,1.358961287326952,1.358961287326952,1.358961287326952,0.06239460370994944,M40
I,I88,P,p.Ile88Pro,88,1354,urn:mavedb:00000001-b-2,-0.3284647713329329,-0.3284647713329329,-0.3284647713329329,-0.6559865092748736,0.40573353974770016,0.40573353974770016,0.40573353974770016,-0.4671163575042158,I88
I,I34,E,p.Ile34Glu,34,1355,urn:mavedb:00000001-b-2,-0.39870300892435,-0.39870300892435,-0.39870300892435,-0.6930860033726812,0.18173453488674998,0.18173453488674998,0.18173453488674998,-0.6571107363687465,I34
R,R70,C,p.Arg70Cys,70,1356,urn:mavedb:00000001-b-2,0.6497881310271391,0.6497881310271391,0.6497881310271391,-0.2574480044969083,0.27181053700878266,0.27181053700878266,0.27181053700878266,-0.5935919055649241,R70
Y,Y91,N,p.Tyr91Asn,91,1357,urn:mavedb:00000001-b-2,0.0764796897409657,0.0764796897409657,0.0764796897409657,-0.4997189432265317,0.24174422710872215,0.24174422710872215,0.24174422710872215,-0.6149522203485103,Y91
K,K37,T,p.Lys37Thr,37,1358,urn:mavedb:00000001-b-2,-0.23418950016235696,-0.23418950016235696,-0.23418950016235696,-0.6082068577852726,0.45164706623909207,0.45164706623909207,0.45164706623909207,-0.3889825744800449,K37
H,H43,T,p.His43Thr,43,1359,urn:mavedb:00000001-b-2,0.6622576319743051,0.6622576319743051,0.6622576319743051,-0.2507026419336705,0.2969273333918001,0.2969273333918001,0.2969273333918001,-0.5733558178752107,H43
L,L80,W,p.Leu80Trp,80,1360,urn:mavedb:00000001-b-2,-0.35345290220773706,-0.35345290220773706,-0.35345290220773706,-0.6694772344013491,0.577749315271187,0.577749315271187,0.577749315271187,-0.22372119168071947,L80
L,L62,T,p.Leu62Thr,62,1361,urn:mavedb:00000001-b-2,-0.34902296703395896,-0.34902296703395896,-0.34902296703395896,-0.6677908937605396,-0.005051006341829978,-0.005051006341829978,-0.005051006341829978,-0.7335581787521079,L62
Q,Q92,I,p.Gln92Ile,92,1363,urn:mavedb:00000001-b-2,0.503007186789509,0.503007186789509,0.503007186789509,-0.3412029229904441,0.2039803836800519,0.2039803836800519,0.2039803836800519,-0.6351883080382237,Q92
E,E49,D,p.Glu49Asp,49,1364,urn:mavedb:00000001-b-2,0.445916338442561,0.445916338442561,0.445916338442561,-0.36987071388420456,0.5137367601880329,0.5137367601880329,0.5137367601880329,-0.28892636312535125,E49
K,K17,F,p.Lys17Phe,17,1365,urn:mavedb:00000001-b-2,0.566312502089469,0.566312502089469,0.566312502089469,-0.3080382237211916,0.31035392626508296,0.31035392626508296,0.31035392626508296,-0.563237774030354,K17
G,G14,W,p.Gly14Trp,14,1366,urn:mavedb:00000001-b-2,0.702158056795554,0.702158056795554,0.702158056795554,-0.2209106239460371,0.30427588367511504,0.30427588367511504,0.30427588367511504,-0.5671725688589094,G14
M,M59,R,p.Met59Arg,59,1367,urn:mavedb:00000001-b-2,0.779135491394805,0.779135491394805,0.779135491394805,-0.1680719505340078,0.458233508138055,0.458233508138055,0.458233508138055,-0.356379988757729,M59
K,K37,E,p.Lys37Glu,37,1368,urn:mavedb:00000001-b-2,-0.281387302555277,-0.281387302555277,-0.281387302555277,-0.6323777403035413,0.404449263846172,0.404449263846172,0.404449263846172,-0.4682405845980888,K37
E,E20,W,p.Glu20Trp,20,1369,urn:mavedb:00000001-b-2,0.10606802136542,0.10606802136542,0.10606802136542,-0.4901630129286115,-0.30417011314670095,-0.30417011314670095,-0.30417011314670095,-0.8167509836987071,E20
I,I34,W,p.Ile34Trp,34,1370,urn:mavedb:00000001-b-2,-0.70430769450877,-0.70430769450877,-0.70430769450877,-0.8100056211354694,-0.12387015069766992,-0.12387015069766992,-0.12387015069766992,-0.7723440134907251,I34
G,G14,I,p.Gly14Ile,14,1371,urn:mavedb:00000001-b-2,0.593465969424149,0.593465969424149,0.593465969424149,-0.29342327150084313,0.19558379630371006,0.19558379630371006,0.19558379630371006,-0.6424957841483979,G14
T,T95,C,p.Thr95Cys,95,1372,urn:mavedb:00000001-b-2,0.667751917528027,0.667751917528027,0.667751917528027,-0.24845418774592465,0.546145170135211,0.546145170135211,0.546145170135211,-0.2602585722315908,T95
Y,Y51,F,p.Tyr51Phe,51,1373,urn:mavedb:00000001-b-2,0.691082723756707,0.691082723756707,0.691082723756707,-0.2310286677908937,1.401566882697089,1.401566882697089,1.401566882697089,0.06857785272625072,Y51
V,V26,F,p.Val26Phe,26,1375,urn:mavedb:00000001-b-2,-0.0700410776255926,-0.0700410776255926,-0.0700410776255926,-0.5424395727937044,0.4516470662390921,0.4516470662390921,0.4516470662390921,-0.3687464867903316,V26
G,G19,K,p.Gly19Lys,19,1377,urn:mavedb:00000001-b-2,0.979316713480713,0.979316713480713,0.979316713480713,-0.014614952220348474,0.609775692745531,0.609775692745531,0.609775692745531,-0.19168071950534005,G19
F,F36,N,p.Phe36Asn,36,1378,urn:mavedb:00000001-b-2,-0.457554645809247,-0.457554645809247,-0.457554645809247,-0.7211916807195053,0.2894302358372011,0.2894302358372011,0.2894302358372011,-0.5772906127037661,F36
L,L80,E,p.Leu80Glu,80,1379,urn:mavedb:00000001-b-2,-0.44421624405901,-0.44421624405901,-0.44421624405901,-0.7133220910623945,0.4869859734199141,0.4869859734199141,0.4869859734199141,-0.3243395165823496,L80
I,I22,C,p.Ile22Cys,22,1380,urn:mavedb:00000001-b-2,1.19893357209492,1.19893357209492,1.19893357209492,0.08993816750983696,1.5736227532880918,1.5736227532880918,1.5736227532880918,0.08431703204047225,I22
V,V57,N,p.Val57Asn,57,1381,urn:mavedb:00000001-b-2,0.158774847016665,0.158774847016665,0.158774847016665,-0.4761101742551995,0.45164706623909207,0.45164706623909207,0.45164706623909207,-0.3889825744800449,V57
K,K25,N,p.Lys25Asn,25,1382,urn:mavedb:00000001-b-2,0.809649567282782,0.809649567282782,0.809649567282782,-0.14052838673412027,1.4200862660906757,1.4200862660906757,1.4200862660906757,0.07138842046093319,K25
G,G19,P,p.Gly19Pro,19,1383,urn:mavedb:00000001-b-2,0.669383750858921,0.669383750858921,0.669383750858921,-0.2473299606520517,0.29984273012373897,0.29984273012373897,0.29984273012373897,-0.5716694772344013,G19
T,T76,W,p.Thr76Trp,76,1384,urn:mavedb:00000001-b-2,-0.156375311123363,-0.156375311123363,-0.156375311123363,-0.5744800449690837,0.8467711002636841,0.8467711002636841,0.8467711002636841,-0.05227655986509272,T76
K,K37,C,p.Lys37Cys,37,1385,urn:mavedb:00000001-b-2,-0.600372740467014,-0.600372740467014,-0.600372740467014,-0.7830241708825183,0.08546382593443491,0.08546382593443491,0.08546382593443491,-0.7032040472175379,K37
K,K48,E,p.Lys48Glu,48,1386,urn:mavedb:00000001-b-2,-0.528363661142857,-0.528363661142857,-0.528363661142857,-0.7566048341765036,0.45164706623909207,0.45164706623909207,0.45164706623909207,-0.3889825744800449,K48
K,K45,W,p.Lys45Trp,45,1387,urn:mavedb:00000001-b-2,0.267382738251244,0.267382738251244,0.267382738251244,-0.4350758853288364,0.03350724718771808,0.03350724718771808,0.03350724718771808,-0.7211916807195053,K45
P,P77,N,p.Pro77Asn,77,1388,urn:mavedb:00000001-b-2,-0.428102522977094,-0.428102522977094,-0.428102522977094,-0.7077009555930298,0.383014091551177,0.383014091551177,0.383014091551177,-0.4946599213041034,P77
Q,Q53,C,p.Gln53Cys,53,1390,urn:mavedb:00000001-b-2,-0.6651738517514449,-0.6651738517514449,-0.6651738517514449,-0.8021360314783585,-1.114053506485273,-1.114053506485273,-1.114053506485273,-0.8791455874086564,Q53
F,F66,M,p.Phe66Met,66,1391,urn:mavedb:00000001-b-2,-0.196023624712916,-0.196023624712916,-0.196023624712916,-0.5890949971894323,0.5207828460365089,0.5207828460365089,0.5207828460365089,-0.2838673412029229,F66
K,K45,C,p.Lys45Cys,45,1393,urn:mavedb:00000001-b-2,0.378374682819326,0.378374682819326,0.378374682819326,-0.3934794828555368,0.14449919175580012,0.14449919175580012,0.14449919175580012,-0.6762225969645868,K45
L,L47,V,p.Leu47Val,47,1394,urn:mavedb:00000001-b-2,0.523930728749649,0.523930728749649,0.523930728749649,-0.3322091062394603,1.2590675581599968,1.2590675581599968,1.2590675581599968,0.050590219224283306,L47
S,S50,Q,p.Ser50Gln,50,1395,urn:mavedb:00000001-b-2,1.71131572447232,1.71131572447232,1.71131572447232,0.13012928611579544,1.224471330550718,1.224471330550718,1.224471330550718,0.04384485666104554,S50
E,E18,G,p.Glu18Gly,18,1396,urn:mavedb:00000001-b-2,1.07626030859837,1.07626030859837,1.07626030859837,0.04553119730185495,0.733590449266054,0.733590449266054,0.733590449266054,-0.10455311973018544,E18
V,V57,Q,p.Val57Gln,57,1397,urn:mavedb:00000001-b-2,0.26873323233206897,0.26873323233206897,0.26873323233206897,-0.4345137717818999,0.5616054515544959,0.5616054515544959,0.5616054515544959,-0.2439572793704328,V57
S,S61,E,p.Ser61Glu,61,1398,urn:mavedb:00000001-b-2,-0.180360341967321,-0.180360341967321,-0.180360341967321,-0.5845980888139404,-0.08723332119420997,-0.08723332119420997,-0.08723332119420997,-0.7627880831928049,S61
A,A72,E,p.Ala72Glu,72,1399,urn:mavedb:00000001-b-2,-0.29384175178450705,-0.29384175178450705,-0.29384175178450705,-0.6396852164137156,-0.5975922443142749,-0.5975922443142749,-0.5975922443142749,-0.8532883642495783,A72
S,S61,W,p.Ser61Trp,61,1400,urn:mavedb:00000001-b-2,0.358520045465981,0.358520045465981,0.358520045465981,-0.401911186059584,0.45164706623909207,0.45164706623909207,0.45164706623909207,-0.3889825744800449,S61
P,P58,C,p.Pro58Cys,58,1401,urn:mavedb:00000001-b-2,-0.635827616051574,-0.635827616051574,-0.635827616051574,-0.7948285553681843,0.18001930681384906,0.18001930681384906,0.18001930681384906,-0.657672849915683,P58
K,K23,D,p.Lys23Asp,23,1402,urn:mavedb:00000001-b-2,0.256620189507694,0.256620189507694,0.256620189507694,-0.4395727937043282,0.026939768059077995,0.026939768059077995,0.026939768059077995,-0.7245643620011242,K23
T,T41,I,p.Thr41Ile,41,1403,urn:mavedb:00000001-b-2,0.669699882775141,0.669699882775141,0.669699882775141,-0.24676784710511526,1.183068937281345,1.183068937281345,1.183068937281345,0.03822372119168072,T41
V,V38,H,p.Val38His,38,1405,urn:mavedb:00000001-b-2,-0.742752462584168,-0.742752462584168,-0.742752462584168,-0.818999437886453,0.06341964972267444,0.06341964972267444,0.06341964972267444,-0.7099494097807757,V38
G,G19,I,p.Gly19Ile,19,1406,urn:mavedb:00000001-b-2,0.817867880841535,0.817867880841535,0.817867880841535,-0.1337830241708825,0.448326860106353,0.448326860106353,0.448326860106353,-0.415964024732996,G19
V,V90,D,p.Val90Asp,90,1407,urn:mavedb:00000001-b-2,-0.273279721062009,-0.273279721062009,-0.273279721062009,-0.6278808319280494,0.3193757903197941,0.3193757903197941,0.3193757903197941,-0.5564924114671164,V90
T,T95,F,p.Thr95Phe,95,1408,urn:mavedb:00000001-b-2,-0.0338499765161438,-0.0338499765161438,-0.0338499765161438,-0.5328836424957841,-0.15545672390895976,-0.15545672390895976,-0.15545672390895976,-0.7768409218662169,T95
M,M59,K,p.Met59Lys,59,1409,urn:mavedb:00000001-b-2,1.13959776069967,1.13959776069967,1.13959776069967,0.06801573917931425,0.8186957774429199,0.8186957774429199,0.8186957774429199,-0.062394603709949314,M59
C,C52,K,p.Cys52Lys,52,1410,urn:mavedb:00000001-b-2,-0.999142897545531,-0.999142897545531,-0.999142897545531,-0.8532883642495784,-0.17125509602259148,-0.17125509602259148,-0.17125509602259148,-0.7796514896008994,C52
H,H35,F,p.His35Phe,35,1411,urn:mavedb:00000001-b-2,0.823485226669448,0.823485226669448,0.823485226669448,-0.12872400224845415,0.6048454292704101,0.6048454292704101,0.6048454292704101,-0.19786396852164131,H35
Y,Y21,K,p.Tyr21Lys,21,1412,urn:mavedb:00000001-b-2,0.75134949385151,0.75134949385151,0.75134949385151,-0.1860595840359752,0.4913689237472016,0.4913689237472016,0.4913689237472016,-0.31928049465992125,Y21
M,M59,Q,p.Met59Gln,59,1413,urn:mavedb:00000001-b-2,-0.41632525750626,-0.41632525750626,-0.41632525750626,-0.7037661607644744,-0.7372272407630099,-0.7372272407630099,-0.7372272407630099,-0.8679033164699269,M59
D,D30,K,p.Asp30Lys,30,1418,urn:mavedb:00000001-b-2,-0.00499317794949139,-0.00499317794949139,-0.00499317794949139,-0.5261382799325464,0.23757652982388816,0.23757652982388816,0.23757652982388816,-0.6177627880831927,D30
L,L44,W,p.Leu44Trp,44,1419,urn:mavedb:00000001-b-2,-0.432756646398395,-0.432756646398395,-0.432756646398395,-0.7088251826869028,0.3481055221270011,0.3481055221270011,0.3481055221270011,-0.5340078695896571,L44
D,D73,K,p.Asp73Lys,73,1420,urn:mavedb:00000001-b-2,-0.510411482863432,-0.510411482863432,-0.510411482863432,-0.7487352445193929,0.3386920127892481,0.3386920127892481,0.3386920127892481,-0.5441259134345138,D73
V,V57,D,p.Val57Asp,57,1421,urn:mavedb:00000001-b-2,-0.330772894532152,-0.330772894532152,-0.330772894532152,-0.6582349634626194,-0.03790067530972496,-0.03790067530972496,-0.03790067530972496,-0.7476110174255199,V57
R,R70,M,p.Arg70Met,70,1423,urn:mavedb:00000001-b-2,0.6860600964224189,0.6860600964224189,0.6860600964224189,-0.2360876897133221,0.3080825024040625,0.3080825024040625,0.3080825024040625,-0.5637998875772905,R70
S,S61,P,p.Ser61Pro,61,1424,urn:mavedb:00000001-b-2,-0.446959881964261,-0.446959881964261,-0.446959881964261,-0.715008431703204,-0.35383286119115004,-0.35383286119115004,-0.35383286119115004,-0.8274311410905002,S61
K,K37,H,p.Lys37His,37,1426,urn:mavedb:00000001-b-2,-0.25798419151061,-0.25798419151061,-0.25798419151061,-0.6205733558178752,0.427852374890839,0.427852374890839,0.427852374890839,-0.44519392917369305,K37
I,I71,E,p.Ile71Glu,71,1427,urn:mavedb:00000001-b-2,-0.49630629982684,-0.49630629982684,-0.49630629982684,-0.7419898819561551,0.36030902888819705,0.36030902888819705,0.36030902888819705,-0.5216413715570545,I71
Y,Y91,F,p.Tyr91Phe,91,1431,urn:mavedb:00000001-b-2,0.699366952301843,0.699366952301843,0.699366952301843,-0.223159078133783,0.8646314896695995,0.8646314896695995,0.8646314896695995,-0.046655424395727896,Y91
F,F66,D,p.Phe66Asp,66,1432,urn:mavedb:00000001-b-2,-0.26515940451033304,-0.26515940451033304,-0.26515940451033304,-0.6245081506464305,0.45164706623909207,0.45164706623909207,0.45164706623909207,-0.3889825744800449,F66
T,T42,I,p.Thr42Ile,42,1433,urn:mavedb:00000001-b-2,-0.0603870323647734,-0.0603870323647734,-0.0603870323647734,-0.5390668915120854,0.18205585531043467,0.18205585531043467,0.18205585531043467,-0.6565486228218099,T42
G,G56,W,p.Gly56Trp,56,1436,urn:mavedb:00000001-b-2,-0.28412687857497804,-0.28412687857497804,-0.28412687857497804,-0.6346261944912872,-0.182313655710728,-0.182313655710728,-0.182313655710728,-0.7841483979763912,G56
G,G81,H,p.Gly81His,81,1437,urn:mavedb:00000001-b-2,1.30520828517862,1.30520828517862,1.30520828517862,0.10848791455874084,1.3958054576833132,1.3958054576833132,1.3958054576833132,0.06745362563237778,G81
Q,Q94,T,p.Gln94Thr,94,1438,urn:mavedb:00000001-b-2,0.519754025803166,0.519754025803166,0.519754025803166,-0.3350196739741428,0.437183967320633,0.437183967320633,0.437183967320633,-0.4356379988757729,Q94
E,E83,H,p.Glu83His,83,1439,urn:mavedb:00000001-b-2,0.136955478227447,0.136955478227447,0.136955478227447,-0.4806070826306914,-0.30406429145998004,-0.30406429145998004,-0.30406429145998004,-0.8161888701517706,E83
Y,Y91,P,p.Tyr91Pro,91,1441,urn:mavedb:00000001-b-2,-0.447217176458896,-0.447217176458896,-0.447217176458896,-0.7155705452501405,-0.28195263909113955,-0.28195263909113955,-0.28195263909113955,-0.8088813940415963,Y91
V,V26,Q,p.Val26Gln,26,1442,urn:mavedb:00000001-b-2,-0.0309322100605851,-0.0309322100605851,-0.0309322100605851,-0.5317594154019112,0.4907559338040995,0.4907559338040995,0.4907559338040995,-0.3204047217537942,V26
K,K78,F,p.Lys78Phe,78,1443,urn:mavedb:00000001-b-2,1.17295990382571,1.17295990382571,1.17295990382571,0.0831928049465992,0.6704908291675291,0.6704908291675291,0.6704908291675291,-0.15064643057897684,K78
S,S32,G,p.Ser32Gly,32,1444,urn:mavedb:00000001-b-2,0.8684024497051379,0.8684024497051379,0.8684024497051379,-0.09162450815064638,0.8156353580305369,0.8156353580305369,0.8156353580305369,-0.06408094435075884,S32
D,D30,P,p.Asp30Pro,30,1445,urn:mavedb:00000001-b-2,0.186831492626166,0.186831492626166,0.186831492626166,-0.4693648116919618,0.4294012003995456,0.4294012003995456,0.4294012003995456,-0.4435075885328836,D30
K,K23,Y,p.Lys23Tyr,23,1446,urn:mavedb:00000001-b-2,-0.116063643261126,-0.116063643261126,-0.116063643261126,-0.5559302979201799,-0.345744064709742,-0.345744064709742,-0.345744064709742,-0.8251826869027543,K23
L,L80,A,p.Leu80Ala,80,1447,urn:mavedb:00000001-b-2,-1.16605649797059,-1.16605649797059,-1.16605649797059,-0.863406408094435,-0.234854280491666,-0.234854280491666,-0.234854280491666,-0.8010118043844856,L80
I,I27,A,p.Ile27Ala,27,1448,urn:mavedb:00000001-b-2,-0.5385202953085491,-0.5385202953085491,-0.5385202953085491,-0.7605396290050591,-0.28972563959331904,-0.28972563959331904,-0.28972563959331904,-0.8122540753232153,I27
Q,Q29,W,p.Gln29Trp,29,1449,urn:mavedb:00000001-b-2,1.12886418116124,1.12886418116124,1.12886418116124,0.06464305789769531,1.2242343559790332,1.2242343559790332,1.2242343559790332,0.04328274311410907,Q29
T,T76,C,p.Thr76Cys,76,1450,urn:mavedb:00000001-b-2,0.543046180346923,0.543046180346923,0.543046180346923,-0.32152894884766725,1.5461925917339698,1.5461925917339698,1.5461925917339698,0.08263069139966273,T76
V,V57,K,p.Val57Lys,57,1451,urn:mavedb:00000001-b-2,0.69334820612086,0.69334820612086,0.69334820612086,-0.2282181000562113,0.986220425343287,0.986220425343287,0.986220425343287,-0.0033726812816188283,V57
G,G14,C,p.Gly14Cys,14,1452,urn:mavedb:00000001-b-2,0.7374382346764029,0.7374382346764029,0.7374382346764029,-0.19617762788083196,0.339556061555964,0.339556061555964,0.339556061555964,-0.5430016863406408,G14
K,K16,I,p.Lys16Ile,16,1453,urn:mavedb:00000001-b-2,0.775552282203265,0.775552282203265,0.775552282203265,-0.16975829117481733,0.45164706623909207,0.45164706623909207,0.45164706623909207,-0.3889825744800449,K16
S,S50,P,p.Ser50Pro,50,1454,urn:mavedb:00000001-b-2,-0.0632064673522532,-0.0632064673522532,-0.0632064673522532,-0.5401911186059584,-0.5500508612738553,-0.5500508612738553,-0.5500508612738553,-0.8482293423271501,S50
V,V26,C,p.Val26Cys,26,1455,urn:mavedb:00000001-b-2,0.901601353138825,0.901601353138825,0.901601353138825,-0.06408094435075884,1.4232894970035097,1.4232894970035097,1.4232894970035097,0.07195053400786966,V26
I,I71,G,p.Ile71Gly,71,1457,urn:mavedb:00000001-b-2,-0.145203049802089,-0.145203049802089,-0.145203049802089,-0.5711073636874648,0.7114122789129481,0.7114122789129481,0.7114122789129481,-0.1197301854974705,I71
G,G56,M,p.Gly56Met,56,1458,urn:mavedb:00000001-b-2,0.8021112430688709,0.8021112430688709,0.8021112430688709,-0.14896008993816745,0.9039244659331208,0.9039244659331208,0.9039244659331208,-0.03316469926925236,G56
K,K17,M,p.Lys17Met,17,1459,urn:mavedb:00000001-b-2,0.660275572244618,0.660275572244618,0.660275572244618,-0.2518268690275436,0.4043169964202319,0.4043169964202319,0.4043169964202319,-0.4688026981450252,K17
L,L44,Q,p.Leu44Gln,44,1460,urn:mavedb:00000001-b-2,-0.24240085963023605,-0.24240085963023605,-0.24240085963023605,-0.6121416526138279,0.53846130889516,0.53846130889516,0.53846130889516,-0.2681281618887015,L44
M,M59,H,p.Met59His,59,1461,urn:mavedb:00000001-b-2,1.71131572447232,1.71131572447232,1.71131572447232,0.13012928611579544,1.39041374121557,1.39041374121557,1.39041374121557,0.06632939853850484,M59
F,F66,A,p.Phe66Ala,66,1462,urn:mavedb:00000001-b-2,0.0797572682065485,0.0797572682065485,0.0797572682065485,-0.4985947161326588,0.7965637389559735,0.7965637389559735,0.7965637389559735,-0.0708263069139966,F66
G,G56,F,p.Gly56Phe,56,1463,urn:mavedb:00000001-b-2,0.421153699994297,0.421153699994297,0.421153699994297,-0.37886453063518827,0.5229669228585471,0.5229669228585471,0.5229669228585471,-0.28274311410904995,G56
R,R63,C,p.Arg63Cys,63,1464,urn:mavedb:00000001-b-2,0.297898569110396,0.297898569110396,0.297898569110396,-0.4238336143901068,0.440372820029562,0.440372820029562,0.440372820029562,-0.4288926363125351,R63
E,E85,W,p.Glu85Trp,85,1465,urn:mavedb:00000001-b-2,1.5578399063329,1.5578399063329,1.5578399063329,0.12422709387296238,0.966369328910852,0.966369328910852,0.966369328910852,-0.009555930297920123,E85
P,P77,D,p.Pro77Asp,77,1466,urn:mavedb:00000001-b-2,-0.296620675153253,-0.296620675153253,-0.296620675153253,-0.6430578976953345,0.5144959393750179,0.5144959393750179,0.5144959393750179,-0.28724002248454183,P77
M,M59,P,p.Met59Pro,59,1467,urn:mavedb:00000001-b-2,0.7673700831418221,0.7673700831418221,0.7673700831418221,-0.1765036537380551,0.4464680998850721,0.4464680998850721,0.4464680998850721,-0.4204609331084879,M59
G,G81,W,p.Gly81Trp,81,1468,urn:mavedb:00000001-b-2,0.367589682074811,0.367589682074811,0.367589682074811,-0.3979763912310286,0.4581868545795042,0.4581868545795042,0.4581868545795042,-0.3569421023046655,G81
Q,Q92,W,p.Gln92Trp,92,1469,urn:mavedb:00000001-b-2,0.7548950455173209,0.7548950455173209,0.7548950455173209,-0.18493535694210228,0.4558682424078638,0.4558682424078638,0.4558682424078638,-0.3614390106801574,Q92
L,L47,A,p.Leu47Ala,47,1470,urn:mavedb:00000001-b-2,-0.61591139563398,-0.61591139563398,-0.61591139563398,-0.7875210792580101,0.11922543377636795,0.11922543377636795,0.11922543377636795,-0.6880269814502529,L47
R,R54,M,p.Arg54Met,54,1471,urn:mavedb:00000001-b-2,0.205726663043988,0.205726663043988,0.205726663043988,-0.4598088813940416,0.5425792457538869,0.5425792457538869,0.5425792457538869,-0.2641933670601461,R54
K,K17,N,p.Lys17Asn,17,1472,urn:mavedb:00000001-b-2,0.8881626380991501,0.8881626380991501,0.8881626380991501,-0.07419898819561555,0.632204062274764,0.632204062274764,0.632204062274764,-0.17313097245643616,K17
M,M40,K,p.Met40Lys,40,1473,urn:mavedb:00000001-b-2,0.923182904546293,0.923182904546293,0.923182904546293,-0.050590219224283306,0.5285727459443551,0.5285727459443551,0.5285727459443551,-0.2754356379988757,M40
Q,Q92,M,p.Gln92Met,92,1474,urn:mavedb:00000001-b-2,1.0416309229846,1.0416309229846,1.0416309229846,0.028667790893760595,0.7426041198751429,0.7426041198751429,0.7426041198751429,-0.09780775716694767,Q92
D,D86,F,p.Asp86Phe,86,1475,urn:mavedb:00000001-b-2,-0.6755303845097621,-0.6755303845097621,-0.6755303845097621,-0.8043844856661045,-0.06750809397656665,-0.06750809397656665,-0.06750809397656665,-0.7549184935356942,D86
I,I22,L,p.Ile22Leu,22,1476,urn:mavedb:00000001-b-2,0.336937656861414,0.336937656861414,0.336937656861414,-0.4109050028105677,0.7116268380545862,0.7116268380545862,0.7116268380545862,-0.11916807195053393,I22
V,V87,H,p.Val87His,87,1477,urn:mavedb:00000001-b-2,0.628942181020855,0.628942181020855,0.628942181020855,-0.2715008431703204,0.21095312604798355,0.21095312604798355,0.21095312604798355,-0.6312535132096684,V87
S,S61,K,p.Ser61Lys,61,1479,urn:mavedb:00000001-b-2,-0.3891094021308379,-0.3891094021308379,-0.3891094021308379,-0.6908375491849353,-0.2959823813577269,-0.2959823813577269,-0.2959823813577269,-0.8128161888701517,S61
Q,Q94,H,p.Gln94His,94,1480,urn:mavedb:00000001-b-2,0.498441998515609,0.498441998515609,0.498441998515609,-0.3428892636312535,0.415871940033076,0.415871940033076,0.415871940033076,-0.4536256323777403,Q94
K,K39,H,p.Lys39His,39,1481,urn:mavedb:00000001-b-2,0.371505423160316,0.371505423160316,0.371505423160316,-0.3962900505902192,0.44253696107220303,0.44253696107220303,0.44253696107220303,-0.4272062956717256,K39
I,I27,Q,p.Ile27Gln,27,1482,urn:mavedb:00000001-b-2,-0.0741193383897645,-0.0741193383897645,-0.0741193383897645,-0.5430016863406408,0.1746753173254655,0.1746753173254655,0.1746753173254655,-0.6616076447442383,I27
Y,Y91,W,p.Tyr91Trp,91,1483,urn:mavedb:00000001-b-2,0.6907967455154159,0.6907967455154159,0.6907967455154159,-0.23159078133783015,0.8560612828831724,0.8560612828831724,0.8560612828831724,-0.04946599213041025,Y91
V,V87,Q,p.Val87Gln,87,1484,urn:mavedb:00000001-b-2,0.979432548266558,0.979432548266558,0.979432548266558,-0.014052838673412005,0.5614434932936866,0.5614434932936866,0.5614434932936866,-0.24451939291736924,V87
E,E83,V,p.Glu83Val,83,1485,urn:mavedb:00000001-b-2,0.8926668359265191,0.8926668359265191,0.8926668359265191,-0.07138842046093308,0.45164706623909207,0.45164706623909207,0.45164706623909207,-0.3889825744800449,E83
M,M82,P,p.Met82Pro,82,1486,urn:mavedb:00000001-b-2,-0.333751115923149,-0.333751115923149,-0.333751115923149,-0.6604834176503653,0.45164706623909207,0.45164706623909207,0.45164706623909207,-0.3889825744800449,M82
D,D73,L,p.Asp73Leu,73,1487,urn:mavedb:00000001-b-2,-0.3784613882472711,-0.3784613882472711,-0.3784613882472711,-0.6829679595278246,0.470642107405409,0.470642107405409,0.470642107405409,-0.34345137717819,D73
G,G68,L,p.Gly68Leu,68,1488,urn:mavedb:00000001-b-2,-0.0785440677932813,-0.0785440677932813,-0.0785440677932813,-0.5435637998875773,0.7173849014959568,0.7173849014959568,0.7173849014959568,-0.1135469364811692,G68
E,E93,H,p.Glu93His,93,1489,urn:mavedb:00000001-b-2,0.884292531486987,0.884292531486987,0.884292531486987,-0.0770095559302979,0.6742409288496171,0.6742409288496171,0.6742409288496171,-0.14502529510961204,E93
E,E18,H,p.Glu18His,18,1490,urn:mavedb:00000001-b-2,0.794316925571408,0.794316925571408,0.794316925571408,-0.15570545250140522,0.45164706623909207,0.45164706623909207,0.45164706623909207,-0.3889825744800449,E18
L,L44,M,p.Leu44Met,44,1491,urn:mavedb:00000001-b-2,1.01542335185748,1.01542335185748,1.01542335185748,0.010680157391793177,1.796285520382876,1.796285520382876,1.796285520382876,0.1034288926363126,L44
E,E85,M,p.Glu85Met,85,1492,urn:mavedb:00000001-b-2,1.20988438103078,1.20988438103078,1.20988438103078,0.0933108487914559,0.6184138036087321,0.6184138036087321,0.6184138036087321,-0.18268690275435628,E85
K,K25,W,p.Lys25Trp,25,1493,urn:mavedb:00000001-b-2,-0.509874258140658,-0.509874258140658,-0.509874258140658,-0.7476110174255199,0.10056244066723552,0.10056244066723552,0.10056244066723552,-0.6964586846543002,K25
T,T42,F,p.Thr42Phe,42,1494,urn:mavedb:00000001-b-2,-0.510488665656467,-0.510488665656467,-0.510488665656467,-0.7492973580663294,-0.2680457779812589,-0.2680457779812589,-0.2680457779812589,-0.8060708263069141,T42
N,N74,G,p.Asn74Gly,74,1495,urn:mavedb:00000001-b-2,1.00147708309781,1.00147708309781,1.00147708309781,0.0016863406408094141,0.625304592305919,0.625304592305919,0.625304592305919,-0.17931422147273746,N74
I,I22,D,p.Ile22Asp,22,1496,urn:mavedb:00000001-b-2,-0.5776488964319879,-0.5776488964319879,-0.5776488964319879,-0.7757166947723441,-0.20295971523881576,-0.20295971523881576,-0.20295971523881576,-0.7903316469926924,I22
T,T76,M,p.Thr76Met,76,1498,urn:mavedb:00000001-b-2,-0.7558789960230258,-0.7558789960230258,-0.7558789960230258,-0.8212478920741991,0.2472674153640212,0.2472674153640212,0.2472674153640212,-0.6115795390668914,T76
D,D15,C,p.Asp15Cys,15,1499,urn:mavedb:00000001-b-2,0.7285204457963431,0.7285204457963431,0.7285204457963431,-0.2023608768971332,0.4384304200741721,0.4384304200741721,0.4384304200741721,-0.43226531759415393,D15
G,G68,T,p.Gly68Thr,68,1500,urn:mavedb:00000001-b-2,-0.394817637793902,-0.394817637793902,-0.394817637793902,-0.6919617762788083,0.4011113314953361,0.4011113314953361,0.4011113314953361,-0.4732996065205171,G68
Q,Q69,C,p.Gln69Cys,69,1501,urn:mavedb:00000001-b-2,0.799373588495521,0.799373588495521,0.799373588495521,-0.1500843170320404,0.7064848651675549,0.7064848651675549,0.7064848651675549,-0.12254075323215285,Q69
M,M82,K,p.Met82Lys,82,1502,urn:mavedb:00000001-b-2,-0.424922276330668,-0.424922276330668,-0.424922276330668,-0.7065767284991569,0.360475905831573,0.360475905831573,0.360475905831573,-0.521079258010118,M82
E,E49,W,p.Glu49Trp,49,1503,urn:mavedb:00000001-b-2,-0.7171829930867081,-0.7171829930867081,-0.7171829930867081,-0.8111298482293423,-0.6493625713412361,-0.6493625713412361,-0.6493625713412361,-0.8605958403597527,E49
G,G56,S,p.Gly56Ser,56,1504,urn:mavedb:00000001-b-2,0.820561125361308,0.820561125361308,0.820561125361308,-0.1320966835300731,0.922374348225558,0.922374348225558,0.922374348225558,-0.02698145025295107,G56
I,I22,K,p.Ile22Lys,22,1505,urn:mavedb:00000001-b-2,-0.318495119304188,-0.318495119304188,-0.318495119304188,-0.6526138279932546,0.056194061888984126,0.056194061888984126,0.056194061888984126,-0.7121978639685216,I22
K,K39,N,p.Lys39Asn,39,1506,urn:mavedb:00000001-b-2,0.522578682676753,0.522578682676753,0.522578682676753,-0.33389544688026984,0.5936102205886401,0.5936102205886401,0.5936102205886401,-0.209106239460371,K39
D,D30,W,p.Asp30Trp,30,1507,urn:mavedb:00000001-b-2,-0.33761072201722303,-0.33761072201722303,-0.33761072201722303,-0.6627318718381112,-0.09504101424384348,-0.09504101424384348,-0.09504101424384348,-0.7667228780213603,D30
E,E85,F,p.Glu85Phe,85,1508,urn:mavedb:00000001-b-2,1.1633497538057,1.1633497538057,1.1633497538057,0.0792580101180439,0.5718791763836519,0.5718791763836519,0.5718791763836519,-0.23440134907251264,E85
R,R70,A,p.Arg70Ala,70,1509,urn:mavedb:00000001-b-2,0.6014378259758921,0.6014378259758921,0.6014378259758921,-0.28724002248454183,0.22346023195753573,0.22346023195753573,0.22346023195753573,-0.6256323777403034,R70
A,A72,P,p.Ala72Pro,72,1510,urn:mavedb:00000001-b-2,0.4287116220287481,0.4287116220287481,0.4287116220287481,-0.3771781899943789,0.12496112949898015,0.12496112949898015,0.12496112949898015,-0.6863406408094435,A72
L,L62,C,p.Leu62Cys,62,1511,urn:mavedb:00000001-b-2,1.01744669896155,1.01744669896155,1.01744669896155,0.01236649803260259,1.3614186596536788,1.3614186596536788,1.3614186596536788,0.0629567172568859,L62
G,G19,M,p.Gly19Met,19,1512,urn:mavedb:00000001-b-2,1.20738111748681,1.20738111748681,1.20738111748681,0.09218662169758296,0.8378400967516281,0.8378400967516281,0.8378400967516281,-0.054525014052838605,G19
I,I22,R,p.Ile22Arg,22,1513,urn:mavedb:00000001-b-2,0.29301180527118,0.29301180527118,0.29301180527118,-0.4260820685778527,0.6677009864643522,0.6677009864643522,0.6677009864643522,-0.15345699831365933,I22
F,F66,K,p.Phe66Lys,66,1515,urn:mavedb:00000001-b-2,-0.532645937463615,-0.532645937463615,-0.532645937463615,-0.7594154019111861,0.18416053328581009,0.18416053328581009,0.18416053328581009,-0.6543001686340639,F66
Q,Q92,D,p.Gln92Asp,92,1516,urn:mavedb:00000001-b-2,0.34772953172579,0.34772953172579,0.34772953172579,-0.4069702079820123,0.0487027286163329,0.0487027286163329,0.0487027286163329,-0.7155705452501405,Q92
T,T95,N,p.Thr95Asn,95,1517,urn:mavedb:00000001-b-2,0.202797106566118,0.202797106566118,0.202797106566118,-0.4620573355817875,0.08119035917330203,0.08119035917330203,0.08119035917330203,-0.7048903878583473,T95
Y,Y21,L,p.Tyr21Leu,21,1520,urn:mavedb:00000001-b-2,0.5628671805163821,0.5628671805163821,0.5628671805163821,-0.30972456436200113,0.30288661041207365,0.30288661041207365,0.30288661041207365,-0.5682967959527825,Y21
M,M40,A,p.Met40Ala,40,1521,urn:mavedb:00000001-b-2,0.22257395078567496,0.22257395078567496,0.22257395078567496,-0.4547498594716132,-0.17203620781626294,-0.17203620781626294,-0.17203620781626294,-0.7807757166947723,M40
M,M82,Q,p.Met82Gln,82,1522,urn:mavedb:00000001-b-2,-0.588664371516271,-0.588664371516271,-0.588664371516271,-0.7790893760539629,0.19673381064596995,0.19673381064596995,0.19673381064596995,-0.641371557054525,M82
H,H43,N,p.His43Asn,43,1523,urn:mavedb:00000001-b-2,0.6142716643978929,0.6142716643978929,0.6142716643978929,-0.2804946599213041,0.24894136581538795,0.24894136581538795,0.24894136581538795,-0.6104553119730185,H43
M,M59,A,p.Met59Ala,59,1524,urn:mavedb:00000001-b-2,0.6454929967776519,0.6454929967776519,0.6454929967776519,-0.2602585722315908,0.3245910135209019,0.3245910135209019,0.3245910135209019,-0.5525576166385611,M59
G,G56,I,p.Gly56Ile,56,1525,urn:mavedb:00000001-b-2,0.0317980631836539,0.0317980631836539,0.0317980631836539,-0.5126475548060708,0.13361128604790395,0.13361128604790395,0.13361128604790395,-0.6824058459808882,G56
K,K37,D,p.Lys37Asp,37,1526,urn:mavedb:00000001-b-2,0.107797766546169,0.107797766546169,0.107797766546169,-0.4890387858347386,0.7936343329476179,0.7936343329476179,0.7936343329476179,-0.07307476110174249,K37
G,G19,Y,p.Gly19Tyr,19,1527,urn:mavedb:00000001-b-2,0.6650444153866839,0.6650444153866839,0.6650444153866839,-0.2490163012928611,0.2955033946515019,0.2955033946515019,0.2955033946515019,-0.5739179314221472,G19
F,F66,N,p.Phe66Asn,66,1528,urn:mavedb:00000001-b-2,-0.0174211210264028,-0.0174211210264028,-0.0174211210264028,-0.5283867341202924,0.6993853497230222,0.6993853497230222,0.6993853497230222,-0.12816188870151768,F66
E,E83,D,p.Glu83Asp,83,1529,urn:mavedb:00000001-b-2,0.7467112847135329,0.7467112847135329,0.7467112847135329,-0.19168071950534005,0.3056915150261058,0.3056915150261058,0.3056915150261058,-0.5660483417650365,E83
E,E83,N,p.Glu83Asn,83,1530,urn:mavedb:00000001-b-2,0.7306660631567741,0.7306660631567741,0.7306660631567741,-0.20011242270938726,0.289646293469347,0.289646293469347,0.289646293469347,-0.5767284991568296,E83
E,E33,L,p.Glu33Leu,33,1531,urn:mavedb:00000001-b-2,0.255432693506982,0.255432693506982,0.255432693506982,-0.4401349072512648,0.55561860150975,0.55561860150975,0.55561860150975,-0.2540753232152895,E33
L,L65,Y,p.Leu65Tyr,65,1532,urn:mavedb:00000001-b-2,1.20997401380167,1.20997401380167,1.20997401380167,0.09387296233839236,1.9144764618936256,1.9144764618936256,1.9144764618936256,0.10736368746486792,L65
G,G81,Y,p.Gly81Tyr,81,1533,urn:mavedb:00000001-b-2,-0.69368774030726,-0.69368774030726,-0.69368774030726,-0.8066329398538504,-0.6030905678025669,-0.6030905678025669,-0.6030905678025669,-0.8555368184373243,G81
H,H75,Q,p.His75Gln,75,1534,urn:mavedb:00000001-b-2,0.838113586759976,0.838113586759976,0.838113586759976,-0.11579539066891507,0.9436948574133416,0.9436948574133416,0.9436948574133416,-0.016863406408094358,H75
G,G68,K,p.Gly68Lys,68,1535,urn:mavedb:00000001-b-2,-0.595822679387913,-0.595822679387913,-0.595822679387913,-0.7807757166947723,0.20010628990132506,0.20010628990132506,0.20010628990132506,-0.6396852164137156,G68
V,V90,K,p.Val90Lys,90,1536,urn:mavedb:00000001-b-2,-0.342778141744955,-0.342778141744955,-0.342778141744955,-0.6649803260258572,0.24987736963684806,0.24987736963684806,0.24987736963684806,-0.609893198426082,V90
Q,Q29,H,p.Gln29His,29,1537,urn:mavedb:00000001-b-2,0.497059096409717,0.497059096409717,0.497059096409717,-0.3445756042720629,0.5924292712275101,0.5924292712275101,0.5924292712275101,-0.21023046655424396,Q29
C,C52,Q,p.Cys52Gln,52,1538,urn:mavedb:00000001-b-2,-0.22312801407909,-0.22312801407909,-0.22312801407909,-0.6020236087689713,0.6047597874438495,0.6047597874438495,0.6047597874438495,-0.1984260820685778,C52
K,K25,P,p.Lys25Pro,25,1539,urn:mavedb:00000001-b-2,-0.159288376011523,-0.159288376011523,-0.159288376011523,-0.5767284991568297,0.4511483227963705,0.4511483227963705,0.4511483227963705,-0.4103428892636312,K25
L,L47,H,p.Leu47His,47,1540,urn:mavedb:00000001-b-2,-0.263032179198125,-0.263032179198125,-0.263032179198125,-0.6228218100056211,0.4721046502122229,0.4721046502122229,0.4721046502122229,-0.341202922990444,L47
K,K78,P,p.Lys78Pro,78,1541,urn:mavedb:00000001-b-2,-0.10044136508074697,-0.10044136508074697,-0.10044136508074697,-0.5486228218100055,-0.6029104397389278,-0.6029104397389278,-0.6029104397389278,-0.8549747048903878,K78
G,G81,E,p.Gly81Glu,81,1542,urn:mavedb:00000001-b-2,0.957435395329174,0.957435395329174,0.957435395329174,-0.032602585722315884,1.0480325678338671,1.0480325678338671,1.0480325678338671,0.00786958965711082,G81
H,H43,A,p.His43Ala,43,1543,urn:mavedb:00000001-b-2,0.975918810285602,0.975918810285602,0.975918810285602,-0.017987633501967415,0.610588511703097,0.610588511703097,0.610588511703097,-0.1911186059584036,H43
G,G81,K,p.Gly81Lys,81,1544,urn:mavedb:00000001-b-2,0.1899958788721149,0.1899958788721149,0.1899958788721149,-0.4665542439572794,0.280593051376808,0.280593051376808,0.280593051376808,-0.5834738617200674,G81
K,K46,F,p.Lys46Phe,46,1545,urn:mavedb:00000001-b-2,0.478518914713276,0.478518914713276,0.478518914713276,-0.3546936481169196,0.3511188522748752,0.3511188522748752,0.3511188522748752,-0.5311973018549747,K46
D,D86,N,p.Asp86Asn,86,1546,urn:mavedb:00000001-b-2,1.00684953904209,1.00684953904209,1.00684953904209,0.006183249016301295,1.6148718295752853,1.6148718295752853,1.6148718295752853,0.08768971332209108,D86
F,F66,Q,p.Phe66Gln,66,1547,urn:mavedb:00000001-b-2,-0.405920559988168,-0.405920559988168,-0.405920559988168,-0.699831365935919,0.3108859107612571,0.3108859107612571,0.3108859107612571,-0.5615514333895446,F66
M,M40,W,p.Met40Trp,40,1548,urn:mavedb:00000001-b-2,-0.854918807088578,-0.854918807088578,-0.854918807088578,-0.836424957841484,-1.249528965690516,-1.249528965690516,-1.249528965690516,-0.8830803822372119,M40
F,F36,V,p.Phe36Val,36,1549,urn:mavedb:00000001-b-2,-0.19619880188346608,-0.19619880188346608,-0.19619880188346608,-0.5896571107363687,0.5507860797629821,0.5507860797629821,0.5507860797629821,-0.25632377740303536,F36
E,E67,S,p.Glu67Ser,67,1550,urn:mavedb:00000001-b-2,-0.10184202542305698,-0.10184202542305698,-0.10184202542305698,-0.549184935356942,0.06136441050064606,0.06136441050064606,0.06136441050064606,-0.7110736368746486,E67
T,T41,K,p.Thr41Lys,41,1551,urn:mavedb:00000001-b-2,0.0106187985085654,0.0106187985085654,0.0106187985085654,-0.5182686902754357,0.5239878530147692,0.5239878530147692,0.5239878530147692,-0.2804946599213041,T41
F,F66,G,p.Phe66Gly,66,1552,urn:mavedb:00000001-b-2,-0.30676526495534,-0.30676526495534,-0.30676526495534,-0.6464305789769533,0.41004120579408493,0.41004120579408493,0.41004120579408493,-0.462619449128724,F66
E,E20,F,p.Glu20Phe,20,1553,urn:mavedb:00000001-b-2,0.861920750906342,0.861920750906342,0.861920750906342,-0.0955593029792018,0.451682616394221,0.451682616394221,0.451682616394221,-0.3670601461495222,E20
D,D30,N,p.Asp30Asn,30,1554,urn:mavedb:00000001-b-2,0.9733534571065928,0.9733534571065928,0.9733534571065928,-0.019673974142776832,1.2159231648799724,1.2159231648799724,1.2159231648799724,0.04103428892636318,D30
K,K78,N,p.Lys78Asn,78,1555,urn:mavedb:00000001-b-2,1.09487623132065,1.09487623132065,1.09487623132065,0.05227655986509272,0.5924071566624691,0.5924071566624691,0.5924071566624691,-0.2107925801011804,K78
G,G28,Q,p.Gly28Gln,28,1556,urn:mavedb:00000001-b-2,0.101351242378166,0.101351242378166,0.101351242378166,-0.4924114671163575,0.6109811822290954,0.6109811822290954,0.6109811822290954,-0.1905564924114671,G28
E,E89,F,p.Glu89Phe,89,1557,urn:mavedb:00000001-b-2,0.728633442628606,0.728633442628606,0.728633442628606,-0.20179876335019675,0.5389296364337319,0.5389296364337319,0.5389296364337319,-0.2670039347948285,E89
Y,Y21,E,p.Tyr21Glu,21,1558,urn:mavedb:00000001-b-2,0.206463220755645,0.206463220755645,0.206463220755645,-0.4592467678471051,-0.053517349348663416,-0.053517349348663416,-0.053517349348663416,-0.7504215851602023,Y21
V,V90,M,p.Val90Met,90,1559,urn:mavedb:00000001-b-2,0.244741027426404,0.244741027426404,0.244741027426404,-0.4457560427206295,0.8373965388082071,0.8373965388082071,0.8373965388082071,-0.05508712759977508,V90
K,K37,Y,p.Lys37Tyr,37,1560,urn:mavedb:00000001-b-2,-0.7540207387233829,-0.7540207387233829,-0.7540207387233829,-0.8195615514333895,-0.06818417232193398,-0.06818417232193398,-0.06818417232193398,-0.7566048341765036,K37
E,E33,Y,p.Glu33Tyr,33,1561,urn:mavedb:00000001-b-2,0.69391770219934,0.69391770219934,0.69391770219934,-0.2276559865092749,0.9941036102021079,0.9941036102021079,0.9941036102021079,-0.0016863406408094141,E33
E,E93,Y,p.Glu93Tyr,93,1562,urn:mavedb:00000001-b-2,0.765544879383653,0.765544879383653,0.765544879383653,-0.17706576728499154,0.5554932767462829,0.5554932767462829,0.5554932767462829,-0.2551995503091624,E93
Q,Q94,K,p.Gln94Lys,94,1563,urn:mavedb:00000001-b-2,0.35241964692392,0.35241964692392,0.35241964692392,-0.4041596402473299,0.269849588441387,0.269849588441387,0.269849588441387,-0.5947161326587971,Q94
S,S61,F,p.Ser61Phe,61,1564,urn:mavedb:00000001-b-2,0.507193082906882,0.507193082906882,0.507193082906882,-0.3395165823496345,0.6003201036799929,0.6003201036799929,0.6003201036799929,-0.2029229904440697,S61
C,C52,E,p.Cys52Glu,52,1565,urn:mavedb:00000001-b-2,-0.261335607265222,-0.261335607265222,-0.261335607265222,-0.6222596964586846,0.5665521942577175,0.5665521942577175,0.5665521942577175,-0.24058459808881394,C52
E,E79,C,p.Glu79Cys,79,1566,urn:mavedb:00000001-b-2,-0.246456420385156,-0.246456420385156,-0.246456420385156,-0.6143901068015739,-0.09049197306154096,-0.09049197306154096,-0.09049197306154096,-0.7650365373805508,E79
E,E33,N,p.Glu33Asn,33,1567,urn:mavedb:00000001-b-2,0.157210956036897,0.157210956036897,0.157210956036897,-0.476672287802136,0.457396864039665,0.457396864039665,0.457396864039665,-0.3603147835862845,E33
H,H43,K,p.His43Lys,43,1568,urn:mavedb:00000001-b-2,1.19986381779356,1.19986381779356,1.19986381779356,0.09050028105677356,0.8345335192110551,0.8345335192110551,0.8345335192110551,-0.05621135469364802,H43
C,C52,N,p.Cys52Asn,52,1569,urn:mavedb:00000001-b-2,-0.483904018334445,-0.483904018334445,-0.483904018334445,-0.7341202922990444,0.3439837831884945,0.3439837831884945,0.3439837831884945,-0.5368184373243394,C52
Y,Y51,T,p.Tyr51Thr,51,1571,urn:mavedb:00000001-b-2,-0.105152550822961,-0.105152550822961,-0.105152550822961,-0.5508712759977515,0.6053316081174211,0.6053316081174211,0.6053316081174211,-0.19561551433389532,Y51
Q,Q94,F,p.Gln94Phe,94,1572,urn:mavedb:00000001-b-2,0.638443748144283,0.638443748144283,0.638443748144283,-0.2641933670601462,0.55587368966175,0.55587368966175,0.55587368966175,-0.253513209668353,Q94
I,I71,M,p.Ile71Met,71,1573,urn:mavedb:00000001-b-2,-0.44528856872535705,-0.44528856872535705,-0.44528856872535705,-0.7138842046093309,0.41132675998968,0.41132675998968,0.41132675998968,-0.4609331084879145,I71
L,L65,E,p.Leu65Glu,65,1574,urn:mavedb:00000001-b-2,-0.495413128453541,-0.495413128453541,-0.495413128453541,-0.7408656548622822,0.20908931963841493,0.20908931963841493,0.20908931963841493,-0.6323777403035413,L65
P,P58,F,p.Pro58Phe,58,1575,urn:mavedb:00000001-b-2,-0.503712113747108,-0.503712113747108,-0.503712113747108,-0.7448004496908376,0.31213480911831504,0.31213480911831504,0.31213480911831504,-0.5609893198426081,P58
M,M82,N,p.Met82Asn,82,1578,urn:mavedb:00000001-b-2,-0.361719875732548,-0.361719875732548,-0.361719875732548,-0.6734120292299044,0.42367830642969306,0.42367830642969306,0.42367830642969306,-0.4485666104553119,M82
L,L65,G,p.Leu65Gly,65,1579,urn:mavedb:00000001-b-2,-0.5953395649100961,-0.5953395649100961,-0.5953395649100961,-0.7802136031478358,0.10916288318185983,0.10916288318185983,0.10916288318185983,-0.6913996627318718,L65
Q,Q92,A,p.Gln92Ala,92,1580,urn:mavedb:00000001-b-2,0.718102622327843,0.718102622327843,0.718102622327843,-0.2107925801011804,0.419075819218386,0.419075819218386,0.419075819218386,-0.45025295109612135,Q92
E,E79,I,p.Glu79Ile,79,1582,urn:mavedb:00000001-b-2,0.23778978662003605,0.23778978662003605,0.23778978662003605,-0.44744238336143893,0.3937542339436511,0.3937542339436511,0.3937542339436511,-0.4800449690837549,E79
E,E20,Q,p.Glu20Gln,20,1583,urn:mavedb:00000001-b-2,0.893171649499675,0.893171649499675,0.893171649499675,-0.07026419336706012,0.48293351498755394,0.48293351498755394,0.48293351498755394,-0.3265879707700955,E20
Y,Y21,N,p.Tyr21Asn,21,1584,urn:mavedb:00000001-b-2,0.6419649842505789,0.6419649842505789,0.6419649842505789,-0.26250702641933665,0.3819844141462705,0.3819844141462705,0.3819844141462705,-0.4974704890387858,Y21
S,S31,M,p.Ser31Met,31,1585,urn:mavedb:00000001-b-2,-0.842246859563014,-0.842246859563014,-0.842246859563014,-0.833052276559865,-0.8721850429391809,-0.8721850429391809,-0.8721850429391809,-0.8718381112984822,S31
L,L80,D,p.Leu80Asp,80,1586,urn:mavedb:00000001-b-2,-0.16134309692440302,-0.16134309692440302,-0.16134309692440302,-0.5772906127037661,0.7698591205545211,0.7698591205545211,0.7698591205545211,-0.08600337268128155,L80
G,G97,T,p.Gly97Thr,97,1587,urn:mavedb:00000001-b-2,0.0385940457327216,0.0385940457327216,0.0385940457327216,-0.5103991006183248,0.7843177365602885,0.7843177365602885,0.7843177365602885,-0.07813378302417084,G97
Q,Q53,W,p.Gln53Trp,53,1588,urn:mavedb:00000001-b-2,1.44617435610524,1.44617435610524,1.44617435610524,0.11860595840359756,0.997294701371412,0.997294701371412,0.997294701371412,-0.0005621135469364713,Q53
G,G68,M,p.Gly68Met,68,1589,urn:mavedb:00000001-b-2,-1.4002200482206597,-1.4002200482206597,-1.4002200482206597,-0.8667790893760541,-0.6042910789314216,-0.6042910789314216,-0.6042910789314216,-0.8560989319842608,G68
E,E93,N,p.Glu93Asn,93,1590,urn:mavedb:00000001-b-2,0.6799801537364909,0.6799801537364909,0.6799801537364909,-0.24058459808881394,0.4699285510991209,0.4699285510991209,0.4699285510991209,-0.3445756042720629,E93
Q,Q69,E,p.Gln69Glu,69,1591,urn:mavedb:00000001-b-2,1.25600998175409,1.25600998175409,1.25600998175409,0.10174255199550307,1.163121258426124,1.163121258426124,1.163121258426124,0.033164699269252466,Q69
G,G96,H,p.Gly96His,96,1593,urn:mavedb:00000001-b-2,0.45170235593501,0.45170235593501,0.45170235593501,-0.3681843732433952,1.216932591887454,1.216932591887454,1.216932591887454,0.042158516020236125,G96
L,L80,N,p.Leu80Asn,80,1594,urn:mavedb:00000001-b-2,-0.7667740007706658,-0.7667740007706658,-0.7667740007706658,-0.8246205733558178,0.16442821670825825,0.16442821670825825,0.16442821670825825,-0.6655424395727937,L80
E,E49,N,p.Glu49Asn,49,1595,urn:mavedb:00000001-b-2,-0.27746062436635105,-0.27746062436635105,-0.27746062436635105,-0.6295671725688589,-0.20964020262087907,-0.20964020262087907,-0.20964020262087907,-0.7959527824620573,E49
E,E67,H,p.Glu67His,67,1596,urn:mavedb:00000001-b-2,-0.34319983651362,-0.34319983651362,-0.34319983651362,-0.6655424395727937,-0.17999340058991695,-0.17999340058991695,-0.17999340058991695,-0.7830241708825182,E67
Q,Q55,T,p.Gln55Thr,55,1597,urn:mavedb:00000001-b-2,0.601424522060988,0.601424522060988,0.601424522060988,-0.2878021360314783,0.2722660420319409,0.2722660420319409,0.2722660420319409,-0.5919055649241146,Q55
K,K17,Q,p.Lys17Gln,17,1598,urn:mavedb:00000001-b-2,0.8500496944262579,0.8500496944262579,0.8500496944262579,-0.10567734682405837,0.5940911186018718,0.5940911186018718,0.5940911186018718,-0.20854412591343446,K17
V,V57,C,p.Val57Cys,57,1599,urn:mavedb:00000001-b-2,-0.0911173500645011,-0.0911173500645011,-0.0911173500645011,-0.5474985947161326,0.2017548691579259,0.2017548691579259,0.2017548691579259,-0.6374367622259696,V57
E,E84,F,p.Glu84Phe,84,1600,urn:mavedb:00000001-b-2,0.900484764230751,0.900484764230751,0.900484764230751,-0.06576728499156825,0.5475081746634121,0.5475081746634121,0.5475081746634121,-0.2596964586846543,E84
K,K39,A,p.Lys39Ala,39,1601,urn:mavedb:00000001-b-2,-0.3670950396723821,-0.3670950396723821,-0.3670950396723821,-0.6795952782462057,-0.2960635017604951,-0.2960635017604951,-0.2960635017604951,-0.8133783024170882,K39
E,E49,T,p.Glu49Thr,49,1602,urn:mavedb:00000001-b-2,-0.680887949340646,-0.680887949340646,-0.680887949340646,-0.8049465992130409,-0.6130675275951739,-0.6130675275951739,-0.6130675275951739,-0.8589094997189431,E49
F,F66,P,p.Phe66Pro,66,1603,urn:mavedb:00000001-b-2,-0.3760695861976821,-0.3760695861976821,-0.3760695861976821,-0.6818437324339517,0.3407368845517429,0.3407368845517429,0.3407368845517429,-0.5418774592467678,F66
P,P77,Y,p.Pro77Tyr,77,1604,urn:mavedb:00000001-b-2,-0.62413328700747,-0.62413328700747,-0.62413328700747,-0.790893760539629,0.18698332752080105,0.18698332752080105,0.18698332752080105,-0.6514896008993816,P77
R,R63,Q,p.Arg63Gln,63,1605,urn:mavedb:00000001-b-2,0.0611902648618205,0.0611902648618205,0.0611902648618205,-0.5042158516020236,0.2036645157809865,0.2036645157809865,0.2036645157809865,-0.6357504215851602,R63
S,S50,M,p.Ser50Met,50,1606,urn:mavedb:00000001-b-2,0.960309774473904,0.960309774473904,0.960309774473904,-0.03204047217537942,0.473465380552302,0.473465380552302,0.473465380552302,-0.3400786958965711,S50
A,A72,W,p.Ala72Trp,72,1607,urn:mavedb:00000001-b-2,-0.8435244194085241,-0.8435244194085241,-0.8435244194085241,-0.8341765036537381,-1.147274911938292,-1.147274911938292,-1.147274911938292,-0.879707700955593,A72
R,R63,H,p.Arg63His,63,1609,urn:mavedb:00000001-b-2,0.5929240944973871,0.5929240944973871,0.5929240944973871,-0.2945474985947161,0.7353983454165531,0.7353983454165531,0.7353983454165531,-0.10230466554243957,R63
E,E89,C,p.Glu89Cys,89,1610,urn:mavedb:00000001-b-2,-0.78207171077759,-0.78207171077759,-0.78207171077759,-0.8268690275435637,-0.9717755169724642,-0.9717755169724642,-0.9717755169724642,-0.8768971332209106,E89
G,G97,P,p.Gly97Pro,97,1611,urn:mavedb:00000001-b-2,-0.849464464189139,-0.849464464189139,-0.849464464189139,-0.8347386172006745,-0.10374077336157216,-0.10374077336157216,-0.10374077336157216,-0.7689713322091062,G97
E,E93,D,p.Glu93Asp,93,1612,urn:mavedb:00000001-b-2,0.661698668876462,0.661698668876462,0.661698668876462,-0.251264755480607,0.45164706623909207,0.45164706623909207,0.45164706623909207,-0.3889825744800449,E93
Y,Y51,E,p.Tyr51Glu,51,1613,urn:mavedb:00000001-b-2,-0.30889672600605106,-0.30889672600605106,-0.30889672600605106,-0.6492411467116357,0.401587432934331,0.401587432934331,0.401587432934331,-0.4727374929735806,Y51
I,I71,F,p.Ile71Phe,71,1614,urn:mavedb:00000001-b-2,-0.8906132640888549,-0.8906132640888549,-0.8906132640888549,-0.8397976391231028,-0.0339979353738179,-0.0339979353738179,-0.0339979353738179,-0.7453625632377741,I71
V,V26,E,p.Val26Glu,26,1615,urn:mavedb:00000001-b-2,-0.3650217216460821,-0.3650217216460821,-0.3650217216460821,-0.6767847105115233,0.15666642221860255,0.15666642221860255,0.15666642221860255,-0.6711635750421585,V26
D,D30,Y,p.Asp30Tyr,30,1616,urn:mavedb:00000001-b-2,0.0429249602702518,0.0429249602702518,0.0429249602702518,-0.5075885328836425,0.2854946680436313,0.2854946680436313,0.2854946680436313,-0.579539066891512,D30
K,K46,M,p.Lys46Met,46,1617,urn:mavedb:00000001-b-2,-0.0430927615564724,-0.0430927615564724,-0.0430927615564724,-0.53513209668353,-0.17049282399487325,-0.17049282399487325,-0.17049282399487325,-0.7790893760539629,K46
L,L24,W,p.Leu24Trp,24,1618,urn:mavedb:00000001-b-2,-0.6505903364836501,-0.6505903364836501,-0.6505903364836501,-0.7993254637436762,0.10279859723961593,0.10279859723961593,0.10279859723961593,-0.6947723440134906,L24
Q,Q29,F,p.Gln29Phe,29,1619,urn:mavedb:00000001-b-2,-0.5027947499912581,-0.5027947499912581,-0.5027947499912581,-0.7436762225969645,-0.407424575173465,-0.407424575173465,-0.407424575173465,-0.8341765036537379,Q29
D,D73,I,p.Asp73Ile,73,1620,urn:mavedb:00000001-b-2,-0.5816394043789079,-0.5816394043789079,-0.5816394043789079,-0.77796514896009,0.2674640912737721,0.2674640912737721,0.2674640912737721,-0.596964586846543,D73
E,E67,Y,p.Glu67Tyr,67,1621,urn:mavedb:00000001-b-2,0.255058749273064,0.255058749273064,0.255058749273064,-0.4412591343451377,0.41826518519676703,0.41826518519676703,0.41826518519676703,-0.4525014052838673,E67
E,E79,D,p.Glu79Asp,79,1622,urn:mavedb:00000001-b-2,0.8826256697564221,0.8826256697564221,0.8826256697564221,-0.07869589657110733,1.0385901170800371,1.0385901170800371,1.0385901170800371,0.007307476110174348,E79
G,G81,M,p.Gly81Met,81,1623,urn:mavedb:00000001-b-2,-0.953121327071487,-0.953121327071487,-0.953121327071487,-0.8459808881394041,-0.8625241545667939,-0.8625241545667939,-0.8625241545667939,-0.8712759977515457,G81
V,V87,Y,p.Val87Tyr,87,1624,urn:mavedb:00000001-b-2,1.00060542326319,1.00060542326319,1.00060542326319,0.0005621135469364713,0.5826163682903186,0.5826163682903186,0.5826163682903186,-0.2192242833052276,V87
I,I27,C,p.Ile27Cys,27,1625,urn:mavedb:00000001-b-2,0.4255924434047021,0.4255924434047021,0.4255924434047021,-0.3777403035413153,0.6743870991199321,0.6743870991199321,0.6743870991199321,-0.14446318156267554,I27
Q,Q55,N,p.Gln55Asn,55,1626,urn:mavedb:00000001-b-2,0.6683472873398921,0.6683472873398921,0.6683472873398921,-0.24789207419898815,0.3391888073108451,0.3391888073108451,0.3391888073108451,-0.5435637998875773,Q55
S,S50,W,p.Ser50Trp,50,1627,urn:mavedb:00000001-b-2,0.7653448867305029,0.7653448867305029,0.7653448867305029,-0.17762788083192804,0.2785004928089009,0.2785004928089009,0.2785004928089009,-0.5868465430016863,S50
H,H75,F,p.His75Phe,75,1628,urn:mavedb:00000001-b-2,-0.00214571039997244,-0.00214571039997244,-0.00214571039997244,-0.5238898257448004,0.10343556025339304,0.10343556025339304,0.10343556025339304,-0.6942102304665542,H75
H,H43,I,p.His43Ile,43,1629,urn:mavedb:00000001-b-2,0.6951418700225229,0.6951418700225229,0.6951418700225229,-0.2259696458684653,0.32981157144001794,0.32981157144001794,0.32981157144001794,-0.5497470489038785,H43
K,K39,M,p.Lys39Met,39,1630,urn:mavedb:00000001-b-2,-0.7557453158404329,-0.7557453158404329,-0.7557453158404329,-0.8206857785272624,-0.6847137779285459,-0.6847137779285459,-0.6847137779285459,-0.8628442945474986,K39
A,A72,Y,p.Ala72Tyr,72,1631,urn:mavedb:00000001-b-2,0.907991470940499,0.907991470940499,0.907991470940499,-0.06014614952220342,0.6042409784107311,0.6042409784107311,0.6042409784107311,-0.1995503091624508,A72
F,F66,E,p.Phe66Glu,66,1632,urn:mavedb:00000001-b-2,-0.174513109182528,-0.174513109182528,-0.174513109182528,-0.5806632939853851,0.542293361566897,0.542293361566897,0.542293361566897,-0.2653175941540191,F66
L,L80,F,p.Leu80Phe,80,1633,urn:mavedb:00000001-b-2,-0.6299650043364821,-0.6299650043364821,-0.6299650043364821,-0.7931422147273749,0.301237213142442,0.301237213142442,0.301237213142442,-0.5711073636874648,L80
F,F64,M,p.Phe64Met,64,1634,urn:mavedb:00000001-b-2,-0.516138438458346,-0.516138438458346,-0.516138438458346,-0.7526700393479483,0.3027832564420331,0.3027832564420331,0.3027832564420331,-0.568858909499719,F64
E,E20,M,p.Glu20Met,20,1635,urn:mavedb:00000001-b-2,0.861885200751213,0.861885200751213,0.861885200751213,-0.09612141652613826,0.45164706623909207,0.45164706623909207,0.45164706623909207,-0.3889825744800449,E20
V,V87,P,p.Val87Pro,87,1637,urn:mavedb:00000001-b-2,-0.4570618586842301,-0.4570618586842301,-0.4570618586842301,-0.7206295671725689,-0.8750509136571015,-0.8750509136571015,-0.8750509136571015,-0.8735244519392917,V87
I,I27,M,p.Ile27Met,27,1638,urn:mavedb:00000001-b-2,0.202852410523862,0.202852410523862,0.202852410523862,-0.461495222034851,0.45164706623909207,0.45164706623909207,0.45164706623909207,-0.3889825744800449,I27
G,G28,P,p.Gly28Pro,28,1639,urn:mavedb:00000001-b-2,-0.23104537984197104,-0.23104537984197104,-0.23104537984197104,-0.6065205171444632,0.27858456000895826,0.27858456000895826,0.27858456000895826,-0.5862844294547498,G28
D,D15,E,p.Asp15Glu,15,1640,urn:mavedb:00000001-b-2,0.8355955675436341,0.8355955675436341,0.8355955675436341,-0.11860595840359756,0.5455055418214629,0.5455055418214629,0.5455055418214629,-0.26082068577852724,D15
G,G97,I,p.Gly97Ile,97,1641,urn:mavedb:00000001-b-2,-1.05409462187157,-1.05409462187157,-1.05409462187157,-0.8583473861720067,-0.30837093104400304,-0.30837093104400304,-0.30837093104400304,-0.8184373243395165,G97
K,K46,P,p.Lys46Pro,46,1642,urn:mavedb:00000001-b-2,-0.4793707650506911,-0.4793707650506911,-0.4793707650506911,-0.7307476110174255,-0.6067708274890921,-0.6067708274890921,-0.6067708274890921,-0.8572231590781337,K46
S,S31,W,p.Ser31Trp,31,1643,urn:mavedb:00000001-b-2,1.17180228541883,1.17180228541883,1.17180228541883,0.08150646430578977,1.1418641020426632,1.1418641020426632,1.1418641020426632,0.02979201798763353,S31
E,E83,F,p.Glu83Phe,83,1644,urn:mavedb:00000001-b-2,0.0892996089660026,0.0892996089660026,0.0892996089660026,-0.4957841483979764,-0.3517201607214245,-0.3517201607214245,-0.3517201607214245,-0.8268690275435637,E83
E,E83,Q,p.Glu83Gln,83,1645,urn:mavedb:00000001-b-2,0.254378649314532,0.254378649314532,0.254378649314532,-0.44182124789207416,-0.1866411203728951,-0.1866411203728951,-0.1866411203728951,-0.7863968521641371,E83
G,G14,N,p.Gly14Asn,14,1646,urn:mavedb:00000001-b-2,0.976815901977134,0.976815901977134,0.976815901977134,-0.016863406408094358,0.5789337288566951,0.5789337288566951,0.5789337288566951,-0.2214727374929736,G14
G,G56,Y,p.Gly56Tyr,56,1647,urn:mavedb:00000001-b-2,-0.127601706846594,-0.127601706846594,-0.127601706846594,-0.5604272062956717,-0.02578848398234396,-0.02578848398234396,-0.02578848398234396,-0.7414277684092186,G56
I,I88,V,p.Ile88Val,88,1648,urn:mavedb:00000001-b-2,1.06128878540915,1.06128878540915,1.06128878540915,0.04103428892636318,1.7954870964897829,1.7954870964897829,1.7954870964897829,0.10286677908937614,I88
T,T95,Y,p.Thr95Tyr,95,1649,urn:mavedb:00000001-b-2,-1.53681539142371,-1.53681539142371,-1.53681539142371,-0.8673412029229904,-1.658422138816526,-1.658422138816526,-1.658422138816526,-0.8881394041596402,T95
E,E93,C,p.Glu93Cys,93,1650,urn:mavedb:00000001-b-2,0.6546841024489229,0.6546841024489229,0.6546841024489229,-0.2551995503091624,0.44463249981155295,0.44463249981155295,0.44463249981155295,-0.4232715008431703,E93
T,T95,E,p.Thr95Glu,95,1651,urn:mavedb:00000001-b-2,-0.27886570977436403,-0.27886570977436403,-0.27886570977436403,-0.6301292861157953,-0.40047245716717994,-0.40047245716717994,-0.40047245716717994,-0.8336143901068015,T95
V,V90,F,p.Val90Phe,90,1652,urn:mavedb:00000001-b-2,0.00697975510419821,0.00697975510419821,0.00697975510419821,-0.5199550309162451,0.5996352664860013,0.5996352664860013,0.5996352664860013,-0.20404721753794264,V90
V,V87,K,p.Val87Lys,87,1653,urn:mavedb:00000001-b-2,0.7820611237305608,0.7820611237305608,0.7820611237305608,-0.16469926925238898,0.3640720687576894,0.3640720687576894,0.3640720687576894,-0.5171444631815627,V87
G,G97,H,p.Gly97His,97,1654,urn:mavedb:00000001-b-2,-0.930621201886906,-0.930621201886906,-0.930621201886906,-0.8426082068577853,-0.18489751105933905,-0.18489751105933905,-0.18489751105933905,-0.7847105115233277,G97
L,L24,K,p.Leu24Lys,24,1655,urn:mavedb:00000001-b-2,0.205699357061803,0.205699357061803,0.205699357061803,-0.4603709949409781,0.959088290785069,0.959088290785069,0.959088290785069,-0.01236649803260259,L24
R,R54,C,p.Arg54Cys,54,1656,urn:mavedb:00000001-b-2,0.64750419609957,0.64750419609957,0.64750419609957,-0.2585722315907813,0.9843567788094688,0.9843567788094688,0.9843567788094688,-0.005621135469364713,R54
K,K39,I,p.Lys39Ile,39,1657,urn:mavedb:00000001-b-2,-0.3794882674788809,-0.3794882674788809,-0.3794882674788809,-0.6840921866216976,-0.30845672956699394,-0.30845672956699394,-0.30845672956699394,-0.818999437886453,K39
L,L65,K,p.Leu65Lys,65,1658,urn:mavedb:00000001-b-2,-1.0909391365537,-1.0909391365537,-1.0909391365537,-0.8600337268128162,-0.3864366884617441,-0.3864366884617441,-0.3864366884617441,-0.8313659359190556,L65
G,G28,Y,p.Gly28Tyr,28,1659,urn:mavedb:00000001-b-2,-0.760016806851457,-0.760016806851457,-0.760016806851457,-0.8234963462619449,-0.2503868670005277,-0.2503868670005277,-0.2503868670005277,-0.802698145025295,G28
G,G68,F,p.Gly68Phe,68,1660,urn:mavedb:00000001-b-2,-0.5364251913500279,-0.5364251913500279,-0.5364251913500279,-0.7599775154581225,0.2595037779392102,0.2595037779392102,0.2595037779392102,-0.6037099494097807,G68
H,H75,D,p.His75Asp,75,1661,urn:mavedb:00000001-b-2,0.8282178442389331,0.8282178442389331,0.8282178442389331,-0.12478920741989875,0.9337991148922986,0.9337991148922986,0.9337991148922986,-0.01911186059584036,H75
Q,Q29,D,p.Gln29Asp,29,1662,urn:mavedb:00000001-b-2,-0.8141588382365259,-0.8141588382365259,-0.8141588382365259,-0.8296795952782462,-0.7187886634187328,-0.7187886634187328,-0.7187886634187328,-0.8662169758291174,Q29
I,I34,M,p.Ile34Met,34,1664,urn:mavedb:00000001-b-2,0.57638379938865,0.57638379938865,0.57638379938865,-0.30129286115795384,1.15682134319975,1.15682134319975,1.15682134319975,0.03204047217537942,I34
R,R54,N,p.Arg54Asn,54,1665,urn:mavedb:00000001-b-2,-0.618871665436498,-0.618871665436498,-0.618871665436498,-0.788645306351883,-0.28201908272659904,-0.28201908272659904,-0.28201908272659904,-0.8094435075885329,R54
G,G97,K,p.Gly97Lys,97,1666,urn:mavedb:00000001-b-2,-0.127557524058998,-0.127557524058998,-0.127557524058998,-0.5598650927487352,0.6181661667685688,0.6181661667685688,0.6181661667685688,-0.18324901630129287,G97
P,P77,Q,p.Pro77Gln,77,1667,urn:mavedb:00000001-b-2,-0.31453370280039,-0.31453370280039,-0.31453370280039,-0.6503653738055086,0.49658291172788105,0.49658291172788105,0.49658291172788105,-0.30747611017425514,P77
V,V57,Y,p.Val57Tyr,57,1668,urn:mavedb:00000001-b-2,1.10088250327043,1.10088250327043,1.10088250327043,0.054525014052838716,1.393754722492857,1.393754722492857,1.393754722492857,0.06689151208544131,V57
T,T95,Q,p.Thr95Gln,95,1669,urn:mavedb:00000001-b-2,-1.24061085558671,-1.24061085558671,-1.24061085558671,-0.8650927487352444,-1.362217602979526,-1.362217602979526,-1.362217602979526,-0.8847667228780213,T95
Q,Q53,D,p.Gln53Asp,53,1670,urn:mavedb:00000001-b-2,1.02376865285951,1.02376865285951,1.02376865285951,0.016863406408094472,0.5748889981256821,0.5748889981256821,0.5748889981256821,-0.2299044406970208,Q53
T,T41,M,p.Thr41Met,41,1671,urn:mavedb:00000001-b-2,1.0218343333595798,1.0218343333595798,1.0218343333595798,0.01573917931422153,1.5352033878657836,1.5352033878657836,1.5352033878657836,0.08150646430578977,T41
V,V90,C,p.Val90Cys,90,1672,urn:mavedb:00000001-b-2,0.893541839572489,0.893541839572489,0.893541839572489,-0.06913996627318719,1.486197350954292,1.486197350954292,1.486197350954292,0.0792580101180439,V90
E,E84,W,p.Glu84Trp,84,1673,urn:mavedb:00000001-b-2,1.0690741524735898,1.0690741524735898,1.0690741524735898,0.04440697020798201,0.7160975629062509,0.7160975629062509,0.7160975629062509,-0.11579539066891507,E84
G,G97,Y,p.Gly97Tyr,97,1674,urn:mavedb:00000001-b-2,-0.25862302114701896,-0.25862302114701896,-0.25862302114701896,-0.6211354693648117,0.4871006696805479,0.4871006696805479,0.4871006696805479,-0.32377740303541314,G97
K,K16,D,p.Lys16Asp,16,1676,urn:mavedb:00000001-b-2,0.307706372958742,0.307706372958742,0.307706372958742,-0.4204609331084879,-0.01619884300543101,-0.01619884300543101,-0.01619884300543101,-0.7380550871275997,K16
F,F66,Y,p.Phe66Tyr,66,1677,urn:mavedb:00000001-b-2,0.938416261481518,0.938416261481518,0.938416261481518,-0.0427206295671726,1.6552227322309432,1.6552227322309432,1.6552227322309432,0.09050028105677356,F66
H,H35,W,p.His35Trp,35,1678,urn:mavedb:00000001-b-2,0.957221505970383,0.957221505970383,0.957221505970383,-0.03316469926925236,0.7385817085713451,0.7385817085713451,0.7385817085713451,-0.09949409780775707,H35
G,G68,W,p.Gly68Trp,68,1679,urn:mavedb:00000001-b-2,-0.138213304795698,-0.138213304795698,-0.138213304795698,-0.5671725688589095,0.65771566449354,0.65771566449354,0.65771566449354,-0.15907813378302416,G68
C,C52,V,p.Cys52Val,52,1681,urn:mavedb:00000001-b-2,0.080669603948329,0.080669603948329,0.080669603948329,-0.4980326025857223,0.9085574054712684,0.9085574054712684,0.9085574054712684,-0.03147835862844295,C52
T,T42,E,p.Thr42Glu,42,1683,urn:mavedb:00000001-b-2,-0.0819325855878653,-0.0819325855878653,-0.0819325855878653,-0.5446880269814502,0.16051030208734274,0.16051030208734274,0.16051030208734274,-0.6683530073074762,T42
Q,Q29,G,p.Gln29Gly,29,1684,urn:mavedb:00000001-b-2,-0.561538666296733,-0.561538666296733,-0.561538666296733,-0.7706576728499157,-0.46616849147894,-0.46616849147894,-0.46616849147894,-0.8414839797639123,Q29
G,G28,H,p.Gly28His,28,1685,urn:mavedb:00000001-b-2,-0.23695359420081696,-0.23695359420081696,-0.23695359420081696,-0.6093310848791456,0.27267634565011234,0.27267634565011234,0.27267634565011234,-0.5907813378302417,G28
K,K23,M,p.Lys23Met,23,1686,urn:mavedb:00000001-b-2,0.635160982074866,0.635160982074866,0.635160982074866,-0.2670039347948285,0.4054805606262501,0.4054805606262501,0.4054805606262501,-0.4676784710511523,K23
G,G14,M,p.Gly14Met,14,1687,urn:mavedb:00000001-b-2,0.5538109184124079,0.5538109184124079,0.5538109184124079,-0.3142214727374929,0.15592874529196898,0.15592874529196898,0.15592874529196898,-0.671725688589095,G14
D,D73,Y,p.Asp73Tyr,73,1688,urn:mavedb:00000001-b-2,-0.17192507207032,-0.17192507207032,-0.17192507207032,-0.5795390668915121,0.67717842358236,0.67717842358236,0.67717842358236,-0.1416526138279932,D73
L,L62,W,p.Leu62Trp,62,1689,urn:mavedb:00000001-b-2,-0.593478747609673,-0.593478747609673,-0.593478747609673,-0.7796514896008994,-0.249506786917544,-0.249506786917544,-0.249506786917544,-0.8021360314783585,L62
I,I88,Q,p.Ile88Gln,88,1690,urn:mavedb:00000001-b-2,-0.25273495708444504,-0.25273495708444504,-0.25273495708444504,-0.6177627880831928,0.48146335399618795,0.48146335399618795,0.48146335399618795,-0.329398538504778,I88
L,L47,Q,p.Leu47Gln,47,1692,urn:mavedb:00000001-b-2,-0.449715491906346,-0.449715491906346,-0.449715491906346,-0.7166947723440135,0.28542133750400195,0.28542133750400195,0.28542133750400195,-0.5801011804384485,L47
Y,Y51,W,p.Tyr51Trp,51,1694,urn:mavedb:00000001-b-2,1.15530120666977,1.15530120666977,1.15530120666977,0.07195053400786966,1.865785365610152,1.865785365610152,1.865785365610152,0.1056773468240585,Y51
L,L62,Y,p.Leu62Tyr,62,1695,urn:mavedb:00000001-b-2,0.7111841063973159,0.7111841063973159,0.7111841063973159,-0.21528948847667229,1.0551560670894449,1.0551560670894449,1.0551560670894449,0.010680157391793177,L62
R,R70,W,p.Arg70Trp,70,1696,urn:mavedb:00000001-b-2,0.6963289055557281,0.6963289055557281,0.6963289055557281,-0.2248454187745924,0.3183513115373717,0.3183513115373717,0.3183513115373717,-0.5570545250140528,R70
T,T41,F,p.Thr41Phe,41,1698,urn:mavedb:00000001-b-2,-0.991904950542775,-0.991904950542775,-0.991904950542775,-0.8516020236087689,-0.4785358960365712,-0.4785358960365712,-0.4785358960365712,-0.8431703204047217,T41
K,K45,M,p.Lys45Met,45,1700,urn:mavedb:00000001-b-2,0.486156540848476,0.486156540848476,0.486156540848476,-0.3485103991006183,0.2522810497849501,0.2522810497849501,0.2522810497849501,-0.6076447442383361,K45
F,F64,D,p.Phe64Asp,64,1701,urn:mavedb:00000001-b-2,-0.387703765009396,-0.387703765009396,-0.387703765009396,-0.6880269814502529,0.43121792989098295,0.43121792989098295,0.43121792989098295,-0.4406970207982012,F64
Q,Q55,E,p.Gln55Glu,55,1703,urn:mavedb:00000001-b-2,0.8769547272799999,0.8769547272799999,0.8769547272799999,-0.08150646430578977,0.5477962472509529,0.5477962472509529,0.5477962472509529,-0.2591343451377178,Q55
K,K39,Y,p.Lys39Tyr,39,1704,urn:mavedb:00000001-b-2,0.3864494766236021,0.3864494766236021,0.3864494766236021,-0.38954468802698144,0.457481014535489,0.457481014535489,0.457481014535489,-0.3586284429454749,K39
E,E89,M,p.Glu89Met,89,1705,urn:mavedb:00000001-b-2,0.6270210554459771,0.6270210554459771,0.6270210554459771,-0.2743114109050028,0.4373172492511031,0.4373172492511031,0.4373172492511031,-0.4350758853288364,E89
Q,Q94,Y,p.Gln94Tyr,94,1706,urn:mavedb:00000001-b-2,0.8434008424988,0.8434008424988,0.8434008424988,-0.1112984822934232,0.760830784016267,0.760830784016267,0.760830784016267,-0.08825182686902755,Q94
K,K17,D,p.Lys17Asp,17,1707,urn:mavedb:00000001-b-2,0.748399112830952,0.748399112830952,0.748399112830952,-0.1883080382237212,0.4924405370065658,0.4924405370065658,0.4924405370065658,-0.31703204047217537,K17
Q,Q92,K,p.Gln92Lys,92,1708,urn:mavedb:00000001-b-2,0.874180019034239,0.874180019034239,0.874180019034239,-0.08544125913434507,0.575153215924782,0.575153215924782,0.575153215924782,-0.22878021360314785,Q92
T,T95,H,p.Thr95His,95,1709,urn:mavedb:00000001-b-2,0.0415340437712197,0.0415340437712197,0.0415340437712197,-0.508150646430579,-0.08007270362159627,-0.08007270362159627,-0.08007270362159627,-0.7611017425519955,T95
I,I88,H,p.Ile88His,88,1710,urn:mavedb:00000001-b-2,-0.19270879319225093,-0.19270879319225093,-0.19270879319225093,-0.5874086565486227,0.5414895178883821,0.5414895178883821,0.5414895178883821,-0.2664418212478921,I88
K,K39,E,p.Lys39Glu,39,1711,urn:mavedb:00000001-b-2,-0.0829378561605258,-0.0829378561605258,-0.0829378561605258,-0.5463743676222597,-0.011906318248638815,-0.011906318248638815,-0.011906318248638815,-0.7358066329398538,K39
N,N60,C,p.Asn60Cys,60,1712,urn:mavedb:00000001-b-2,-0.0032457685701965397,-0.0032457685701965397,-0.0032457685701965397,-0.5250140528386733,0.18431245664226448,0.18431245664226448,0.18431245664226448,-0.6537380550871276,N60
E,E18,M,p.Glu18Met,18,1713,urn:mavedb:00000001-b-2,0.8906837791989699,0.8906837791989699,0.8906837791989699,-0.07307476110174249,0.5480139198666539,0.5480139198666539,0.5480139198666539,-0.2580101180438448,E18
D,D73,F,p.Asp73Phe,73,1714,urn:mavedb:00000001-b-2,-0.0597233070020831,-0.0597233070020831,-0.0597233070020831,-0.5379426644182125,0.789380188650597,0.789380188650597,0.789380188650597,-0.0747611017425519,D73
Q,Q29,E,p.Gln29Glu,29,1715,urn:mavedb:00000001-b-2,-0.968467080240126,-0.968467080240126,-0.968467080240126,-0.849353569421023,-0.873096905422333,-0.873096905422333,-0.873096905422333,-0.8724002248454187,Q29
G,G56,Q,p.Gly56Gln,56,1716,urn:mavedb:00000001-b-2,1.13035969432275,1.13035969432275,1.13035969432275,0.0652051714446319,1.2321729171870002,1.2321729171870002,1.2321729171870002,0.04553119730185506,G56
K,K23,W,p.Lys23Trp,23,1717,urn:mavedb:00000001-b-2,1.1597377854368702,1.1597377854368702,1.1597377854368702,0.07363687464867907,0.9300573639882542,0.9300573639882542,0.9300573639882542,-0.021922428330522714,K23
T,T95,M,p.Thr95Met,95,1718,urn:mavedb:00000001-b-2,0.970559330923975,0.970559330923975,0.970559330923975,-0.02360876897133224,0.848952583531159,0.848952583531159,0.848952583531159,-0.050590219224283306,T95
F,F64,I,p.Phe64Ile,64,1719,urn:mavedb:00000001-b-2,-0.884167915425857,-0.884167915425857,-0.884167915425857,-0.8392355255761663,-0.06524622052547803,-0.06524622052547803,-0.06524622052547803,-0.7543563799887577,F64
T,T42,Q,p.Thr42Gln,42,1720,urn:mavedb:00000001-b-2,1.03865406656846,1.03865406656846,1.03865406656846,0.02473299606520518,1.281096954243668,1.281096954243668,1.281096954243668,0.054525014052838716,T42
G,G68,C,p.Gly68Cys,68,1721,urn:mavedb:00000001-b-2,-0.22203828954822,-0.22203828954822,-0.22203828954822,-0.6008993816750983,0.5738906797410179,0.5738906797410179,0.5738906797410179,-0.2310286677908937,G68
K,K48,Q,p.Lys48Gln,48,1722,urn:mavedb:00000001-b-2,-0.542138537856221,-0.542138537856221,-0.542138537856221,-0.7616638560989321,0.437872189525728,0.437872189525728,0.437872189525728,-0.4333895446880269,K48
K,K16,F,p.Lys16Phe,16,1723,urn:mavedb:00000001-b-2,0.792541870360136,0.792541870360136,0.792541870360136,-0.15851602023608768,0.46863665439596297,0.46863665439596297,0.46863665439596297,-0.34569983136593585,K16
E,E20,C,p.Glu20Cys,20,1724,urn:mavedb:00000001-b-2,0.133098092051775,0.133098092051775,0.133098092051775,-0.4822934232715008,-0.277140042460346,-0.277140042460346,-0.277140042460346,-0.8083192804946598,E20
V,V38,F,p.Val38Phe,38,1725,urn:mavedb:00000001-b-2,0.220986433153646,0.220986433153646,0.220986433153646,-0.4558740865654862,1.0271585454604886,1.0271585454604886,1.0271585454604886,0.005621135469364824,V38
D,D15,Q,p.Asp15Gln,15,1726,urn:mavedb:00000001-b-2,0.322783720095881,0.322783720095881,0.322783720095881,-0.4154019111860596,0.032693694373709996,0.032693694373709996,0.032693694373709996,-0.7223159078133783,D15
E,E67,N,p.Glu67Asn,67,1727,urn:mavedb:00000001-b-2,0.978487309613395,0.978487309613395,0.978487309613395,-0.01573917931422142,1.141693745537098,1.141693745537098,1.141693745537098,0.029229904440697063,E67
E,E67,C,p.Glu67Cys,67,1728,urn:mavedb:00000001-b-2,0.823116441230623,0.823116441230623,0.823116441230623,-0.12928611579539062,0.986322877154326,0.986322877154326,0.986322877154326,-0.0028105677346823565,E67
L,L24,M,p.Leu24Met,24,1729,urn:mavedb:00000001-b-2,0.29810302445464804,0.29810302445464804,0.29810302445464804,-0.4232715008431703,1.051491958177914,1.051491958177914,1.051491958177914,0.009555930297920234,L24
Y,Y21,D,p.Tyr21Asp,21,1730,urn:mavedb:00000001-b-2,0.231702750947757,0.231702750947757,0.231702750947757,-0.4508150646430579,-0.02827781915655142,-0.02827781915655142,-0.02827781915655142,-0.7425519955030916,Y21
K,K78,D,p.Lys78Asp,78,1731,urn:mavedb:00000001-b-2,1.08089014258893,1.08089014258893,1.08089014258893,0.04721753794266448,0.5784210679307491,0.5784210679307491,0.5784210679307491,-0.22259696458684647,K78
P,P77,M,p.Pro77Met,77,1732,urn:mavedb:00000001-b-2,-0.596658467704218,-0.596658467704218,-0.596658467704218,-0.7813378302417088,0.21445814682405293,0.21445814682405293,0.21445814682405293,-0.6301292861157953,P77
Y,Y21,G,p.Tyr21Gly,21,1734,urn:mavedb:00000001-b-2,0.41126975582236297,0.41126975582236297,0.41126975582236297,-0.38055087127599774,0.15128918571805455,0.15128918571805455,0.15128918571805455,-0.6722878021360315,Y21
Q,Q29,Y,p.Gln29Tyr,29,1735,urn:mavedb:00000001-b-2,0.356276891421299,0.356276891421299,0.356276891421299,-0.40303541315345703,0.45164706623909207,0.45164706623909207,0.45164706623909207,-0.3889825744800449,Q29
S,S61,D,p.Ser61Asp,61,1736,urn:mavedb:00000001-b-2,0.113158978854259,0.113158978854259,0.113158978854259,-0.4867903316469927,0.20628599962737004,0.20628599962737004,0.20628599962737004,-0.6346261944912872,S61
S,S32,D,p.Ser32Asp,32,1737,urn:mavedb:00000001-b-2,-0.143332062112922,-0.143332062112922,-0.143332062112922,-0.5699831365935919,-0.1960991537875229,-0.1960991537875229,-0.1960991537875229,-0.7892074198988195,S32
I,I27,H,p.Ile27His,27,1738,urn:mavedb:00000001-b-2,1.3436866733237902,1.3436866733237902,1.3436866733237902,0.11326587970770095,1.5924813290390205,1.5924813290390205,1.5924813290390205,0.08600337268128166,I27
E,E49,C,p.Glu49Cys,49,1739,urn:mavedb:00000001-b-2,-1.02645127116033,-1.02645127116033,-1.02645127116033,-0.8566610455311973,-0.9586308494148579,-0.9586308494148579,-0.9586308494148579,-0.8763350196739741,E49
F,F64,W,p.Phe64Trp,64,1740,urn:mavedb:00000001-b-2,-0.066439400631605,-0.066439400631605,-0.066439400631605,-0.5418774592467679,0.7524822942687741,0.7524822942687741,0.7524822942687741,-0.0933108487914558,F64
D,D86,Q,p.Asp86Gln,86,1741,urn:mavedb:00000001-b-2,-0.41973536464714295,-0.41973536464714295,-0.41973536464714295,-0.7060146149522203,0.1882869258860525,0.1882869258860525,0.1882869258860525,-0.6509274873524451,D86
R,R63,M,p.Arg63Met,63,1742,urn:mavedb:00000001-b-2,0.35129479920334994,0.35129479920334994,0.35129479920334994,-0.4047217537942664,0.4937690501225159,0.4937690501225159,0.4937690501225159,-0.3142214727374929,R63
K,K48,W,p.Lys48Trp,48,1743,urn:mavedb:00000001-b-2,-0.330912598589131,-0.330912598589131,-0.330912598589131,-0.6587970770095559,0.6490981287928179,0.6490981287928179,0.6490981287928179,-0.1663856098931984,K48
E,E93,F,p.Glu93Phe,93,1744,urn:mavedb:00000001-b-2,1.32316147273417,1.32316147273417,1.32316147273417,0.11017425519955036,1.1131098700968,1.1131098700968,1.1131098700968,0.02360876897133224,E93
G,G96,K,p.Gly96Lys,96,1745,urn:mavedb:00000001-b-2,-0.5653519317283571,-0.5653519317283571,-0.5653519317283571,-0.7717818999437887,0.19987830422408687,0.19987830422408687,0.19987830422408687,-0.640247329960652,G96
R,R54,Q,p.Arg54Gln,54,1746,urn:mavedb:00000001-b-2,1.02842507223919,1.02842507223919,1.02842507223919,0.017987633501967415,1.3652776549490888,1.3652776549490888,1.3652776549490888,0.06408094435075895,R54
K,K45,Y,p.Lys45Tyr,45,1748,urn:mavedb:00000001-b-2,0.0251739328606382,0.0251739328606382,0.0251739328606382,-0.5160202360876898,-0.2087015582028877,-0.2087015582028877,-0.2087015582028877,-0.7948285553681843,K45
G,G14,Q,p.Gly14Gln,14,1749,urn:mavedb:00000001-b-2,1.00257655858833,1.00257655858833,1.00257655858833,0.0022484541877459967,0.604694385467891,0.604694385467891,0.604694385467891,-0.19898819561551429,G14
I,I27,K,p.Ile27Lys,27,1751,urn:mavedb:00000001-b-2,0.8283574850820641,0.8283574850820641,0.8283574850820641,-0.12422709387296227,1.0771521407972942,1.0771521407972942,1.0771521407972942,0.013490725126475644,I27
G,G97,W,p.Gly97Trp,97,1752,urn:mavedb:00000001-b-2,-0.91933544750179,-0.91933544750179,-0.91933544750179,-0.8420460933108488,-0.17361175667422324,-0.17361175667422324,-0.17361175667422324,-0.7813378302417088,G97
I,I34,K,p.Ile34Lys,34,1753,urn:mavedb:00000001-b-2,-0.321331873044136,-0.321331873044136,-0.321331873044136,-0.6531759415401911,0.2591056707669641,0.2591056707669641,0.2591056707669641,-0.6042720629567172,I34
N,N74,W,p.Asn74Trp,74,1754,urn:mavedb:00000001-b-2,0.400696852696906,0.400696852696906,0.400696852696906,-0.3827993254637437,0.024524361905015057,0.024524361905015057,0.024524361905015057,-0.7251264755480606,N74
H,H43,W,p.His43Trp,43,1756,urn:mavedb:00000001-b-2,0.0630816617305751,0.0630816617305751,0.0630816617305751,-0.5036537380550872,-0.3022486368519299,-0.3022486368519299,-0.3022486368519299,-0.8156267566048341,H43
M,M40,E,p.Met40Glu,40,1757,urn:mavedb:00000001-b-2,0.8608341206981659,0.8608341206981659,0.8608341206981659,-0.0972456436200112,0.466223962096228,0.466223962096228,0.466223962096228,-0.3468240584598088,M40
G,G96,D,p.Gly96Asp,96,1759,urn:mavedb:00000001-b-2,-0.29188822974152195,-0.29188822974152195,-0.29188822974152195,-0.6391231028667791,0.4733420062109221,0.4733420062109221,0.4733420062109221,-0.3406408094435075,G96
I,I34,D,p.Ile34Asp,34,1760,urn:mavedb:00000001-b-2,-0.5209066947201301,-0.5209066947201301,-0.5209066947201301,-0.7543563799887577,0.05953084909096995,0.05953084909096995,0.05953084909096995,-0.7116357504215851,I34
P,P77,C,p.Pro77Cys,77,1761,urn:mavedb:00000001-b-2,0.96977355857668,0.96977355857668,0.96977355857668,-0.025295109612141653,1.7808901731049511,1.7808901731049511,1.7808901731049511,0.10174255199550307,P77
D,D30,C,p.Asp30Cys,30,1762,urn:mavedb:00000001-b-2,-0.9924984016608142,-0.9924984016608142,-0.9924984016608142,-0.8521641371557054,-0.7499286938874345,-0.7499286938874345,-0.7499286938874345,-0.8684654300168634,D30
A,A72,F,p.Ala72Phe,72,1763,urn:mavedb:00000001-b-2,0.6463580791148721,0.6463580791148721,0.6463580791148721,-0.2591343451377178,0.3426075865851041,0.3426075865851041,0.3426075865851041,-0.5390668915120854,A72
T,T41,Q,p.Thr41Gln,41,1764,urn:mavedb:00000001-b-2,1.36987039835575,1.36987039835575,1.36987039835575,0.11523327712197863,1.8832394528619536,1.8832394528619536,1.8832394528619536,0.10623946037099496,T41
V,V38,W,p.Val38Trp,38,1767,urn:mavedb:00000001-b-2,-0.539753103640111,-0.539753103640111,-0.539753103640111,-0.7611017425519955,0.2664190086667315,0.2664190086667315,0.2664190086667315,-0.5980888139404159,V38
L,L47,M,p.Leu47Met,47,1768,urn:mavedb:00000001-b-2,0.475104820921455,0.475104820921455,0.475104820921455,-0.3586284429454749,1.210241650331803,1.210241650331803,1.210241650331803,0.03934794828555377,L47
K,K23,F,p.Lys23Phe,23,1770,urn:mavedb:00000001-b-2,-0.449350236214449,-0.449350236214449,-0.449350236214449,-0.7161326587970771,-0.6790306576630649,-0.6790306576630649,-0.6790306576630649,-0.8622821810005621,K23
V,V38,K,p.Val38Lys,38,1771,urn:mavedb:00000001-b-2,-0.0473526508693701,-0.0473526508693701,-0.0473526508693701,-0.536256323777403,0.7588194614374724,0.7588194614374724,0.7588194614374724,-0.0910623946037099,V38
Y,Y21,I,p.Tyr21Ile,21,1772,urn:mavedb:00000001-b-2,0.671905778835291,0.671905778835291,0.671905778835291,-0.24451939291736924,0.4119252087309826,0.4119252087309826,0.4119252087309826,-0.4598088813940415,Y21
V,V26,S,p.Val26Ser,26,1773,urn:mavedb:00000001-b-2,1.15952063155704,1.15952063155704,1.15952063155704,0.0730747611017426,1.6812087754217249,1.6812087754217249,1.6812087754217249,0.09499718943226533,V26
E,E67,W,p.Glu67Trp,67,1774,urn:mavedb:00000001-b-2,0.726206982468059,0.726206982468059,0.726206982468059,-0.20404721753794264,0.8894134183917621,0.8894134183917621,0.8894134183917621,-0.03766160764474424,E67
L,L62,M,p.Leu62Met,62,1775,urn:mavedb:00000001-b-2,0.107675105546963,0.107675105546963,0.107675105546963,-0.4896008993816751,0.45164706623909207,0.45164706623909207,0.45164706623909207,-0.3889825744800449,L62
E,E33,F,p.Glu33Phe,33,1776,urn:mavedb:00000001-b-2,-0.600069419602548,-0.600069419602548,-0.600069419602548,-0.7824620573355817,-0.29988351159978005,-0.29988351159978005,-0.29988351159978005,-0.8145025295109611,E33
R,R70,H,p.Arg70His,70,1777,urn:mavedb:00000001-b-2,1.4597376300769498,1.4597376300769498,1.4597376300769498,0.12141652613827993,1.0817600360585935,1.0817600360585935,1.0817600360585935,0.01517706576728506,R70
Q,Q53,Y,p.Gln53Tyr,53,1778,urn:mavedb:00000001-b-2,1.17206597325684,1.17206597325684,1.17206597325684,0.08263069139966273,0.7231863185230121,0.7231863185230121,0.7231863185230121,-0.1096121416526138,Q53
